6 0.16953125 0.4203125 0.3390625 0.31875
1 0.24140625 0.078125 0.2015625 0.15625
6 0.0125 0.32109375 0.025 0.1984375
1 0.47421875 0.1296875 0.1203125 0.165625
1 0.77734375 0.22421875 0.1015625 0.11875
1 0.578125 0.29609375 0.15625 0.2109375
6 0.9703125 0.4609375 0.059375 0.234375
6 0.44140625 0.34921875 0.1828125 0.2703125
6 0.721875 0.44296875 0.209375 0.2734375
6 0.5296875 0.496875 0.284375 0.165625
6 0.77890625 0.66796875 0.3234375 0.1765625
0 0.63046875 0.9296875 0.1265625 0.140625
0 0.7828125 0.94453125 0.13125 0.1109375