6 0.184375 0.38046875 0.36875 0.3578125
1 0.29375 0.06953125 0.21875 0.1390625
6 0.03828125 0.26328125 0.0484375 0.2
1 0.51953125 0.1296875 0.1390625 0.1796875
1 0.80859375 0.26015625 0.115625 0.1296875
1 0.60234375 0.30703125 0.18125 0.228125
6 0.9640625 0.51875 0.071875 0.240625
6 0.46015625 0.34296875 0.2140625 0.290625
6 0.72734375 0.4703125 0.240625 0.296875
6 0.5296875 0.50078125 0.303125 0.1984375
6 0.75625 0.70078125 0.3421875 0.2140625
0 0.57734375 0.93203125 0.1421875 0.1359375
0 0.7265625 0.95625 0.14375 0.0875