6 0.06640625 0.421875 0.10625 0.146875
6 0.6015625 0.584375 0.084375 0.128125
1 0.075 0.3 0.09375 0.0828125
6 0.12734375 0.490625 0.0625 0.121875
6 0.19921875 0.49609375 0.0859375 0.15
6 0.271875 0.55078125 0.0734375 0.1375
6 0.4234375 0.53828125 0.075 0.1234375
6 0.5015625 0.534375 0.0828125 0.1171875
6 0.79921875 0.6578125 0.0609375 0.1046875
6 0.87734375 0.62421875 0.059375 0.090625
6 0.94296875 0.625 0.0484375 0.0828125
3 0.1046875 0.32265625 0.075 0.1171875
3 0.146875 0.39765625 0.06875 0.075
3 0.22578125 0.39453125 0.0625 0.08125
3 0.290625 0.44609375 0.0625 0.0734375
3 0.34140625 0.4375 0.0765625 0.0671875
3 0.80625 0.57890625 0.059375 0.0640625
3 0.88671875 0.565625 0.05625 0.06875
3 0.95 0.5640625 0.05625 0.0625
3 0.5203125 0.45078125 0.0515625 0.075
3 0.59140625 0.475 0.046875 0.0859375
3 0.62265625 0.5171875 0.078125 0.084375