6 0.215625 0.66328125 0.1390625 0.228125
6 0.8265625 0.4046875 0.071875 0.1359375
6 0.596875 0.446875 0.071875 0.1390625
6 0.68515625 0.51796875 0.09375 0.1890625
2 0.36796875 0.9640625 0.0953125 0.071875
3 0.2203125 0.48359375 0.15625 0.159375
3 0.61015625 0.34765625 0.0609375 0.1140625
3 0.64609375 0.346875 0.1 0.096875
3 0.68359375 0.390625 0.084375 0.1140625
3 0.74140625 0.334375 0.0671875 0.0609375
3 0.8125 0.290625 0.05625 0.0734375
3 0.86484375 0.1484375 0.0953125 0.0640625
4 0.8859375 0.25703125 0.1296875 0.203125