1 0.1296875 0.1921875 0.0734375 0.096875
1 0.44375 0.2328125 0.059375 0.0921875
1 0.28828125 0.275 0.0546875 0.0765625
1 0.5046875 0.2578125 0.0453125 0.0671875
1 0.37109375 0.28046875 0.0390625 0.0546875
1 0.58203125 0.28203125 0.0515625 0.0953125
6 0.146875 0.4203125 0.1375 0.3
1 0.76796875 0.36015625 0.0671875 0.06875
6 0.5296875 0.39453125 0.0703125 0.1921875
6 0.3859375 0.41640625 0.0859375 0.1984375
6 0.46328125 0.41640625 0.1234375 0.2625
6 0.58984375 0.42109375 0.109375 0.2421875
6 0.3109375 0.47578125 0.125 0.2734375
6 0.77734375 0.54921875 0.1390625 0.2796875
0 0.72109375 0.7546875 0.059375 0.0828125
0 0.25390625 0.81328125 0.0953125 0.115625
0 0.1875 0.89375 0.0828125 0.103125
0 0.68984375 0.7328125 0.065625 0.065625
0 0.6390625 0.703125 0.059375 0.078125
0 0.3203125 0.80546875 0.0578125 0.0796875
1 0.121875 0.20703125 0.109375 0.178125
1 0.284375 0.28671875 0.084375 0.175
1 0.365625 0.2859375 0.075 0.1390625
1 0.44140625 0.24765625 0.078125 0.16875
1 0.5046875 0.271875 0.0640625 0.1359375
1 0.58359375 0.27734375 0.0703125 0.171875
1 0.77265625 0.38125 0.0765625 0.1546875
3 0.64609375 0.31328125 0.0703125 0.1125