1 0.2265625 0.078125 0.04375 0.053125
1 0.434375 0.1859375 0.0734375 0.0765625
1 0.08046875 0.1140625 0.040625 0.0390625
6 0.1890625 0.2171875 0.1171875 0.1984375
6 0.05234375 0.23203125 0.1015625 0.1703125
6 0.371875 0.41015625 0.190625 0.31875
6 0.6421875 0.42265625 0.325 0.4140625
6 0.8515625 0.5109375 0.296875 0.2375
1 0.94765625 0.1515625 0.1046875 0.259375
1 0.6921875 0.06953125 0.24375 0.1390625
6 0.37734375 0.81328125 0.2046875 0.2734375
6 0.7171875 0.759375 0.190625 0.259375
6 0.921875 0.7421875 0.15625 0.225
6 0.965625 0.77734375 0.06875 0.2734375
0 0.50390625 0.9703125 0.0484375 0.04375