6 0.07578125 0.471875 0.1515625 0.29375
6 0.01796875 0.49765625 0.0359375 0.1421875
6 0.46953125 0.428125 0.1921875 0.359375
6 0.21953125 0.47578125 0.140625 0.253125
6 0.13671875 0.49921875 0.0671875 0.1640625
6 0.41953125 0.490625 0.0484375 0.1234375
6 0.30390625 0.52578125 0.04375 0.14375
6 0.28046875 0.53671875 0.05 0.109375
6 0.53046875 0.490625 0.0875 0.2109375
6 0.3875 0.525 0.08125 0.16875
6 0.18515625 0.565625 0.034375 0.0875
6 0.346875 0.534375 0.15625 0.2953125
6 0.67578125 0.58515625 0.2453125 0.490625
6 0.5828125 0.665625 0.1046875 0.2625
6 0.7734375 0.69765625 0.10625 0.2171875