6 0.409375 0.565625 0.1953125 0.4328125
6 0.56640625 0.546875 0.1796875 0.3421875
6 0.9125 0.49609375 0.175 0.3515625
6 0.353125 0.62890625 0.090625 0.2203125
6 0.234375 0.66171875 0.315625 0.6734375
6 0.48125 0.62265625 0.05 0.140625
6 0.86328125 0.55703125 0.0765625 0.16875
6 0.5171875 0.63515625 0.065625 0.128125
6 0.63203125 0.62578125 0.0484375 0.1171875
6 0.984375 0.54921875 0.03125 0.1859375
6 0.69609375 0.63203125 0.0953125 0.184375
6 0.7375 0.625 0.1859375 0.340625
6 0.796875 0.61484375 0.0921875 0.19375