6 0.584375 0.3484375 0.0796875 0.1359375
6 0.5984375 0.36484375 0.0390625 0.09375
6 0.40390625 0.325 0.065625 0.134375
6 0.46640625 0.34765625 0.071875 0.1234375
6 0.3765625 0.32890625 0.0390625 0.0734375
6 0.52578125 0.37734375 0.0671875 0.121875
6 0.54453125 0.38125 0.0328125 0.0734375
6 0.6359375 0.40078125 0.090625 0.165625
6 0.4859375 0.37734375 0.025 0.0484375
6 0.50078125 0.38203125 0.028125 0.0640625
6 0.4375 0.37265625 0.0234375 0.053125
6 0.59609375 0.440625 0.0296875 0.0734375
6 0.65234375 0.4546875 0.0359375 0.0671875