6 0.1609375 0.45234375 0.1921875 0.409375
6 0.33828125 0.46171875 0.159375 0.2859375
6 0.071875 0.50859375 0.0984375 0.1890625
6 0.7296875 0.4296875 0.1796875 0.38125
6 0.2375 0.50546875 0.0625 0.184375
6 0.64765625 0.48125 0.071875 0.1546875
6 0.40625 0.5265625 0.0484375 0.1359375
6 0.28203125 0.54375 0.05 0.1625
6 0.79765625 0.4890625 0.075 0.2125
6 0.459375 0.54140625 0.0640625 0.1765625
6 0.521875 0.53359375 0.171875 0.3390625
6 0.57109375 0.52734375 0.078125 0.2078125
6 0.9515625 0.59765625 0.096875 0.4578125
6 0.9203125 0.684375 0.1078125 0.2421875