1 0.19765625 0.0984375 0.046875 0.05625
1 0.4125 0.19140625 0.078125 0.08125
1 0.0546875 0.14453125 0.04375 0.0421875
6 0.1703125 0.23984375 0.13125 0.20625
6 0.0453125 0.26328125 0.090625 0.1765625
6 0.365625 0.41953125 0.2125 0.33125
6 0.63671875 0.41328125 0.353125 0.4359375
6 0.84765625 0.48671875 0.3046875 0.2578125
1 0.921875 0.1265625 0.121875 0.253125
1 0.6609375 0.0671875 0.253125 0.134375
6 0.39921875 0.82109375 0.2234375 0.2875
6 0.734375 0.74375 0.2078125 0.271875
6 0.92578125 0.71171875 0.1484375 0.2359375
6 0.96953125 0.74375 0.0609375 0.278125
0 0.53671875 0.96875 0.0515625 0.046875