6 0.121875 0.29375 0.178125 0.2953125
6 0.05390625 0.28984375 0.065625 0.1421875
6 0.503125 0.4203125 0.2078125 0.3625
6 0.25625 0.359375 0.1515625 0.2546875
6 0.17109375 0.3453125 0.075 0.1640625
6 0.43046875 0.4578125 0.0546875 0.1234375
6 0.3109375 0.43984375 0.0515625 0.14375
6 0.28515625 0.43984375 0.0546875 0.1109375
6 0.53203125 0.5046875 0.096875 0.2125
6 0.3875 0.475 0.0890625 0.1703125
6 0.18671875 0.42578125 0.0390625 0.0875
6 0.346875 0.46640625 0.1703125 0.2984375
6 0.6234375 0.6515625 0.26875 0.49375
6 0.50546875 0.68515625 0.1171875 0.2625
6 0.6640625 0.79453125 0.115625 0.2171875