6 0.16328125 0.440625 0.1796875 0.40625
6 0.33984375 0.45625 0.15 0.28125
6 0.071875 0.49375 0.0921875 0.1875
6 0.73203125 0.43828125 0.1671875 0.378125
6 0.2375 0.49609375 0.05625 0.184375
6 0.6484375 0.4859375 0.0671875 0.153125
6 0.40546875 0.5234375 0.04375 0.1359375
6 0.28046875 0.53671875 0.0453125 0.1609375
6 0.79765625 0.5 0.0671875 0.2109375
6 0.4578125 0.53984375 0.0578125 0.175
6 0.52109375 0.534375 0.1609375 0.3359375
6 0.5703125 0.5296875 0.0703125 0.20625
6 0.95390625 0.61484375 0.0921875 0.4578125
6 0.91328125 0.69921875 0.1 0.240625