1 0.49140625 0.13984375 0.071875 0.096875
1 0.08515625 0.18359375 0.0609375 0.096875
1 0.221875 0.26015625 0.053125 0.103125
1 0.67109375 0.275 0.0796875 0.109375
1 0.35390625 0.278125 0.0609375 0.0875
6 0.08515625 0.38359375 0.11875 0.278125
6 0.01796875 0.3953125 0.0359375 0.1390625
6 0.48515625 0.42265625 0.1359375 0.3421875
6 0.23125 0.41796875 0.1015625 0.240625
6 0.1453125 0.4234375 0.040625 0.159375
6 0.42265625 0.4734375 0.028125 0.1203125
6 0.30234375 0.48359375 0.0203125 0.14375
6 0.2765625 0.48984375 0.03125 0.10625
6 0.53125 0.49765625 0.0515625 0.2078125
6 0.384375 0.5 0.0546875 0.1640625
6 0.178125 0.49765625 0.0203125 0.0859375
6 0.3421875 0.5015625 0.109375 0.2828125
6 0.65390625 0.61953125 0.1671875 0.471875
6 0.546875 0.67890625 0.0609375 0.2578125
6 0.725 0.75 0.0703125 0.209375