1 0.39140625 0.02109375 0.0453125 0.0421875
1 0.60703125 0.09140625 0.0453125 0.0671875
1 0.11484375 0.0171875 0.0296875 0.034375
1 0.25078125 0.0609375 0.0359375 0.046875
6 0.3609375 0.15703125 0.1109375 0.20625
6 0.02421875 0.134375 0.0484375 0.2375
6 0.2265625 0.184375 0.0875 0.1640625
6 0.55546875 0.31953125 0.1484375 0.3171875
6 0.10234375 0.23125 0.2046875 0.41875
6 0.81484375 0.23984375 0.3703125 0.4796875
1 0.41171875 0.8328125 0.1140625 0.121875
6 0.4375 0.675 0.221875 0.346875
6 0.81484375 0.73984375 0.3703125 0.5203125