1 0.140625 0.05 0.0890625 0.090625
1 0.37578125 0.071875 0.0421875 0.0625
1 0.0171875 0.16328125 0.034375 0.0734375
1 0.115625 0.1640625 0.0265625 0.0421875
1 0.25859375 0.165625 0.034375 0.0453125
6 0.37109375 0.2203125 0.0578125 0.203125
6 0.0453125 0.31953125 0.090625 0.2359375
6 0.27578125 0.28984375 0.08125 0.1625
6 0.16796875 0.32890625 0.1984375 0.3203125
6 0.60546875 0.134375 0.159375 0.1546875
0 0.5796875 0.3296875 0.1109375 0.0734375
0 0.653125 0.3375 0.11875 0.078125
1 0.57421875 0.0140625 0.1171875 0.028125
6 0.0421875 0.88828125 0.084375 0.2234375
6 0.4859375 0.6484375 0.171875 0.31875
1 0.4890625 0.8125 0.1234375 0.1375