6 0.58125 0.346875 0.078125 0.1359375
6 0.59609375 0.36328125 0.0375 0.09375
6 0.40078125 0.32734375 0.0625 0.134375
6 0.46328125 0.3484375 0.0703125 0.1234375
6 0.3734375 0.33125 0.0375 0.0734375
6 0.525 0.37734375 0.0640625 0.121875
6 0.5421875 0.38125 0.0328125 0.0734375
6 0.634375 0.39921875 0.0875 0.1625
6 0.48515625 0.37734375 0.0234375 0.0484375
6 0.5 0.3828125 0.025 0.0625
6 0.43515625 0.3734375 0.021875 0.053125
6 0.59453125 0.4390625 0.0296875 0.0734375
6 0.6515625 0.45234375 0.0359375 0.0671875