6 0.52421875 0.328125 0.0734375 0.134375
6 0.54296875 0.3390625 0.034375 0.09375
6 0.34765625 0.371875 0.059375 0.134375
6 0.4140625 0.36953125 0.065625 0.121875
6 0.3234375 0.38515625 0.0359375 0.0734375
6 0.48125 0.3765625 0.059375 0.1203125
6 0.49921875 0.3734375 0.0296875 0.0734375
6 0.59140625 0.359375 0.0828125 0.1625
6 0.44375 0.390625 0.021875 0.0484375
6 0.459375 0.38984375 0.0234375 0.0625
6 0.39609375 0.403125 0.0203125 0.053125
6 0.56796875 0.41015625 0.0265625 0.0734375
6 0.6265625 0.403125 0.0328125 0.0671875