6 0.30859375 0.3328125 0.0546875 0.0828125
6 0.21328125 0.3375 0.0484375 0.059375
6 0.3515625 0.35859375 0.04375 0.04375
6 0.496875 0.3984375 0.0359375 0.078125
6 0.6328125 0.4296875 0.0515625 0.0875
6 0.7015625 0.4515625 0.034375 0.0609375
6 0.5609375 0.43828125 0.0375 0.05
6 0.34453125 0.41875 0.05 0.109375
6 0.5234375 0.44765625 0.021875 0.0484375
6 0.54921875 0.45390625 0.0703125 0.1359375
6 0.24609375 0.41640625 0.090625 0.15625
6 0.46875 0.4859375 0.0390625 0.109375
6 0.65 0.53515625 0.096875 0.16875
6 0.39921875 0.5125 0.1234375 0.259375