6 0.56640625 0.32421875 0.0546875 0.1203125
6 0.39765625 0.33359375 0.0625 0.1421875
6 0.584375 0.35390625 0.0265625 0.08125
6 0.2921875 0.32421875 0.0734375 0.1375
6 0.45859375 0.34375 0.0625 0.121875
6 0.36796875 0.34765625 0.0296875 0.0796875
6 0.61875 0.37734375 0.0640625 0.1515625
6 0.53203125 0.37265625 0.0125 0.0625
6 0.49296875 0.37109375 0.025 0.06875
6 0.51640625 0.375 0.0546875 0.11875
6 0.43046875 0.375 0.01875 0.0484375
6 0.47578125 0.38125 0.0203125 0.0578125
6 0.5671875 0.33203125 0.0640625 0.134375
6 0.640625 0.42265625 0.025 0.053125
6 0.5875 0.41796875 0.0125 0.059375
6 0.39296875 0.34453125 0.075 0.15
6 0.45859375 0.35078125 0.0625 0.1140625
6 0.51328125 0.37734375 0.0578125 0.1171875
6 0.28515625 0.328125 0.0953125 0.1484375
6 0.6234375 0.37890625 0.0734375 0.153125