6 0.521875 0.31328125 0.0578125 0.121875
6 0.36015625 0.36328125 0.0671875 0.1421875
6 0.546875 0.33828125 0.0296875 0.08125
6 0.25625 0.3796875 0.0765625 0.1375
6 0.421875 0.35859375 0.065625 0.1234375
6 0.33515625 0.384375 0.0328125 0.0796875
6 0.5859375 0.35234375 0.06875 0.1515625
6 0.50078125 0.36875 0.015625 0.0625
6 0.4625 0.3765625 0.028125 0.06875
6 0.4859375 0.375 0.059375 0.11875
6 0.40234375 0.3953125 0.0203125 0.0484375
6 0.44765625 0.390625 0.021875 0.0578125
6 0.52421875 0.3203125 0.06875 0.1359375
6 0.61796875 0.39140625 0.0265625 0.053125
6 0.56484375 0.39921875 0.0140625 0.059375
6 0.35859375 0.375 0.0796875 0.1515625
6 0.4234375 0.365625 0.065625 0.115625
6 0.4828125 0.378125 0.0625 0.1171875
6 0.25 0.38515625 0.1 0.15
6 0.590625 0.35234375 0.078125 0.1546875