1 0.27109375 0.10625 0.09375 0.096875
1 0.48203125 0.21171875 0.046875 0.0640625
1 0.10703125 0.16484375 0.0578125 0.0765625
1 0.20625 0.2046875 0.0296875 0.04375
1 0.33984375 0.25703125 0.0375 0.046875
6 0.446875 0.34140625 0.115625 0.1765625
6 0.075 0.315625 0.128125 0.228125
6 0.3109375 0.36328125 0.09375 0.1328125
6 0.17890625 0.3203125 0.2296875 0.21875
0 0.65234375 0.08359375 0.0671875 0.0984375
0 0.728125 0.10703125 0.0859375 0.0984375
6 0.3671875 0.58828125 0.353125 0.3171875
0 0.19609375 0.93046875 0.1703125 0.1390625
0 0.37109375 0.9359375 0.2046875 0.128125
6 0.903125 0.61015625 0.19375 0.3609375