6 0.54765625 0.31796875 0.0421875 0.1171875
6 0.38046875 0.3453125 0.0484375 0.1375
6 0.56875 0.34609375 0.01875 0.0796875
6 0.275 0.346875 0.059375 0.13125
6 0.4421875 0.34921875 0.05 0.1171875
6 0.353125 0.3625 0.021875 0.078125
6 0.60546875 0.365625 0.0484375 0.146875
6 0.51875 0.3703125 0.00625 0.0625
6 0.4796875 0.37265625 0.01875 0.0671875
6 0.503125 0.37421875 0.04375 0.1140625
6 0.41796875 0.3828125 0.0140625 0.046875
6 0.46328125 0.384375 0.0140625 0.05625
6 0.54921875 0.32578125 0.0515625 0.1296875
6 0.63203125 0.40859375 0.0203125 0.0515625
6 0.578125 0.409375 0.00625 0.059375
6 0.37734375 0.35625 0.0609375 0.14375
6 0.44296875 0.35625 0.0515625 0.109375
6 0.5 0.3765625 0.046875 0.1125
6 0.26875 0.3515625 0.08125 0.140625
6 0.61015625 0.36640625 0.0578125 0.1484375