1 0.22109375 0.24921875 0.0328125 0.046875
1 0.51015625 0.22421875 0.03125 0.053125
1 0.340625 0.265625 0.034375 0.0484375
1 0.5796875 0.2421875 0.0328125 0.0484375
1 0.4078125 0.28515625 0.034375 0.05
1 0.47421875 0.28984375 0.0265625 0.034375
6 0.5265625 0.32890625 0.071875 0.134375
1 0.23515625 0.37890625 0.084375 0.165625
6 0.5453125 0.33984375 0.0328125 0.09375
6 0.34921875 0.36796875 0.05625 0.134375
6 0.415625 0.36796875 0.0640625 0.121875
6 0.32578125 0.38203125 0.034375 0.0734375
6 0.4828125 0.3765625 0.059375 0.1203125
6 0.50078125 0.3734375 0.028125 0.0734375
6 0.59375 0.3609375 0.08125 0.1625
6 0.44453125 0.38828125 0.021875 0.0484375
6 0.4609375 0.3890625 0.0234375 0.0640625
6 0.39765625 0.40078125 0.0203125 0.053125
6 0.56953125 0.4109375 0.025 0.0734375
6 0.62734375 0.40546875 0.0328125 0.0671875