1 0.2390625 0.2296875 0.0296875 0.04375
1 0.5296875 0.22578125 0.028125 0.05
1 0.3578125 0.25546875 0.03125 0.046875
1 0.59765625 0.2484375 0.0296875 0.046875
1 0.42265625 0.27890625 0.03125 0.0484375
1 0.4890625 0.28828125 0.0234375 0.0328125
6 0.53828125 0.33125 0.0640625 0.13125
1 0.24453125 0.36015625 0.0734375 0.1625
6 0.55625 0.34296875 0.0265625 0.09375
6 0.35859375 0.3578125 0.0484375 0.1328125
6 0.42578125 0.3625 0.05625 0.11875
6 0.334375 0.36953125 0.0296875 0.071875
6 0.49140625 0.375 0.05 0.11875
6 0.509375 0.37421875 0.0234375 0.0734375
6 0.603125 0.3671875 0.0703125 0.1578125
6 0.453125 0.38515625 0.0171875 0.0484375
6 0.46875 0.3859375 0.01875 0.0625
6 0.4046875 0.39375 0.015625 0.0515625
6 0.57578125 0.41640625 0.0203125 0.0734375
6 0.63359375 0.41484375 0.028125 0.065625