6 0.2875 0.3609375 0.04375 0.078125
6 0.19375 0.37890625 0.040625 0.0546875
6 0.33359375 0.38046875 0.0390625 0.0390625
6 0.4828125 0.4 0.025 0.075
6 0.621875 0.41171875 0.040625 0.0828125
6 0.69296875 0.42421875 0.0265625 0.0578125
6 0.5515625 0.43046875 0.03125 0.0453125
6 0.33515625 0.44140625 0.0359375 0.1046875
6 0.515625 0.4453125 0.015625 0.046875
6 0.5421875 0.44765625 0.053125 0.1296875
6 0.23671875 0.45234375 0.0703125 0.1484375
6 0.4671875 0.490625 0.025 0.10625
6 0.653125 0.5140625 0.075 0.159375
6 0.40234375 0.5265625 0.0890625 0.25