6 0.31796875 0.32265625 0.0578125 0.084375
6 0.22265625 0.32265625 0.05 0.0609375
6 0.359375 0.35078125 0.0453125 0.0453125
6 0.50234375 0.3984375 0.0390625 0.078125
6 0.63671875 0.43671875 0.05625 0.0890625
6 0.70390625 0.4625 0.0375 0.0625
6 0.5640625 0.44140625 0.0390625 0.05
6 0.34921875 0.4109375 0.0546875 0.109375
6 0.52578125 0.44921875 0.025 0.0484375
6 0.5515625 0.45703125 0.0765625 0.1375
6 0.25078125 0.403125 0.096875 0.159375
6 0.46953125 0.484375 0.0453125 0.109375
6 0.64765625 0.54296875 0.1046875 0.1703125
6 0.39921875 0.5078125 0.134375 0.2625