1 0.365625 0.06484375 0.1125 0.115625
1 0.54765625 0.21484375 0.059375 0.0734375
1 0.1921875 0.08515625 0.0734375 0.0875
1 0.28046875 0.14609375 0.0390625 0.05
1 0.3984375 0.22734375 0.046875 0.0546875
6 0.48359375 0.33359375 0.153125 0.1984375
6 0.12734375 0.225 0.1765625 0.2515625
6 0.346875 0.32421875 0.121875 0.15
6 0.22734375 0.25234375 0.2734375 0.2640625
0 0.7421875 0.12890625 0.0875 0.1109375
0 0.8109375 0.16875 0.10625 0.115625
6 0.35078125 0.55625 0.415625 0.3890625
0 0.10703125 0.85078125 0.196875 0.1734375
0 0.2765625 0.89609375 0.228125 0.1703125
6 0.86640625 0.69765625 0.2671875 0.3953125