6 0.10234375 0.334375 0.153125 0.290625
6 0.034375 0.3375 0.0515625 0.1421875
6 0.49453125 0.421875 0.1765625 0.3546875
6 0.24296875 0.3859375 0.1296875 0.25
6 0.15703125 0.38046875 0.059375 0.1625
6 0.4265625 0.465625 0.04375 0.1234375
6 0.30625 0.46015625 0.0375 0.1453125
6 0.28046875 0.4625 0.04375 0.109375
6 0.53125 0.5015625 0.078125 0.2109375
6 0.3859375 0.4875 0.0734375 0.16875
6 0.18046875 0.459375 0.03125 0.0875
6 0.34296875 0.4828125 0.140625 0.2921875
6 0.63828125 0.6375 0.2234375 0.4859375
6 0.525 0.68359375 0.090625 0.2609375
6 0.69375 0.77578125 0.0953125 0.215625