6 0.39765625 0.5453125 0.1109375 0.41875
6 0.55546875 0.559375 0.1140625 0.325
6 0.91328125 0.58359375 0.1265625 0.3328125
6 0.3296875 0.5953125 0.046875 0.215625
6 0.20625 0.603125 0.184375 0.65
6 0.45625 0.61640625 0.021875 0.1390625
6 0.84375 0.63125 0.04375 0.1625
6 0.4890625 0.6359375 0.040625 0.121875
6 0.603125 0.65078125 0.025 0.1140625
6 0.9828125 0.65390625 0.03125 0.1828125
6 0.6640625 0.66953125 0.059375 0.1765625
6 0.70625 0.671875 0.121875 0.321875
6 0.76640625 0.67421875 0.0546875 0.1859375