1 0.2953125 0.18515625 0.03125 0.046875
1 0.58125 0.2359375 0.03125 0.053125
1 0.40703125 0.2328125 0.0328125 0.0484375
1 0.64375 0.27109375 0.03125 0.0484375
1 0.46640625 0.26875 0.034375 0.05
1 0.5296875 0.290625 0.025 0.034375
6 0.56953125 0.34140625 0.0703125 0.134375
1 0.27578125 0.3140625 0.08125 0.1640625
6 0.58515625 0.35703125 0.03125 0.09375
6 0.38828125 0.33359375 0.0546875 0.1328125
6 0.453125 0.35078125 0.0625 0.1203125
6 0.3625 0.340625 0.0328125 0.0734375
6 0.51484375 0.37578125 0.0578125 0.1203125
6 0.5328125 0.378125 0.028125 0.0734375
6 0.6265625 0.38984375 0.078125 0.1625
6 0.47578125 0.378125 0.021875 0.0484375
6 0.490625 0.38203125 0.0234375 0.0640625
6 0.4265625 0.37734375 0.01875 0.053125
6 0.58984375 0.43203125 0.025 0.0734375
6 0.646875 0.44140625 0.03125 0.0671875