6 0.58671875 0.35 0.0828125 0.1375
6 0.60078125 0.3671875 0.040625 0.09375
6 0.40703125 0.3234375 0.0671875 0.134375
6 0.46875 0.346875 0.0734375 0.1234375
6 0.3796875 0.32734375 0.040625 0.0734375
6 0.52890625 0.378125 0.0671875 0.121875
6 0.54609375 0.38203125 0.034375 0.075
6 0.6375 0.40390625 0.0921875 0.1640625
6 0.4890625 0.37734375 0.025 0.0484375
6 0.50390625 0.3828125 0.028125 0.0625
6 0.43984375 0.37109375 0.0234375 0.053125
6 0.596875 0.4421875 0.03125 0.0734375
6 0.653125 0.4578125 0.0375 0.0671875