1 0.1171875 0.06953125 0.09375 0.0953125
1 0.35390625 0.07890625 0.0453125 0.0640625
1 0.009375 0.1890625 0.01875 0.075
1 0.0984375 0.184375 0.028125 0.04375
1 0.24140625 0.17890625 0.0359375 0.046875
6 0.35625 0.22734375 0.06875 0.20625
6 0.04375 0.34375 0.0875 0.240625
6 0.26484375 0.3015625 0.0890625 0.1671875
6 0.159375 0.346875 0.215625 0.3296875
6 0.5859375 0.1296875 0.1671875 0.1625
0 0.5703125 0.32578125 0.1140625 0.0796875
0 0.64453125 0.3296875 0.1234375 0.084375
1 0.5484375 0.0140625 0.11875 0.028125
6 0.06328125 0.8984375 0.0953125 0.203125
6 0.49375 0.64921875 0.1890625 0.3265625
1 0.50546875 0.8125 0.1296875 0.14375