6 0.39609375 0.54140625 0.125 0.421875
6 0.553125 0.5609375 0.125 0.328125
6 0.91015625 0.59765625 0.1375 0.3375
6 0.3265625 0.5890625 0.0546875 0.2171875
6 0.203125 0.59296875 0.20625 0.65625
6 0.45234375 0.61484375 0.0265625 0.1390625
6 0.8390625 0.64296875 0.05 0.1640625
6 0.484375 0.63515625 0.0453125 0.1234375
6 0.59765625 0.65390625 0.0296875 0.115625
6 0.97734375 0.6703125 0.0375 0.184375
6 0.6578125 0.675 0.065625 0.178125
6 0.7 0.67890625 0.1328125 0.3265625
6 0.76015625 0.68359375 0.0609375 0.1875