6 0.38984375 0.52109375 0.2015625 0.4328125
6 0.540625 0.5703125 0.184375 0.3421875
6 0.88359375 0.67421875 0.1984375 0.353125
6 0.3125 0.5546875 0.09375 0.2203125
6 0.190625 0.534375 0.3265625 0.675
6 0.43125 0.60390625 0.053125 0.140625
6 0.80546875 0.70546875 0.0796875 0.16875
6 0.45859375 0.6296875 0.0671875 0.128125
6 0.56640625 0.6703125 0.05 0.1171875
6 0.9359375 0.75859375 0.071875 0.1859375
6 0.621875 0.70234375 0.096875 0.1859375
6 0.6625 0.7140625 0.190625 0.340625
6 0.7203125 0.7296875 0.0953125 0.19375