6 0.07421875 0.43515625 0.1421875 0.2875
6 0.01640625 0.45390625 0.0328125 0.1421875
6 0.47578125 0.42578125 0.1640625 0.3515625
6 0.2234375 0.4515625 0.121875 0.2484375
6 0.13828125 0.4671875 0.0546875 0.1625
6 0.4203125 0.484375 0.0390625 0.121875
6 0.30234375 0.50859375 0.0328125 0.1453125
6 0.278125 0.5171875 0.040625 0.109375
6 0.53125 0.49375 0.0703125 0.2109375
6 0.3859375 0.51484375 0.06875 0.1671875
6 0.18046875 0.5375 0.028125 0.0875
6 0.34453125 0.52109375 0.1328125 0.290625
6 0.66796875 0.6 0.2078125 0.4828125
6 0.56796875 0.671875 0.0828125 0.2609375
6 0.7546875 0.7203125 0.0890625 0.2140625