3 0.01875 0.60390625 0.0265625 0.0390625
3 0.0890625 0.61171875 0.028125 0.040625
3 0.21640625 0.6140625 0.034375 0.0578125
3 0.24140625 0.57734375 0.0359375 0.0625
3 0.28125 0.590625 0.0328125 0.059375
3 0.334375 0.5890625 0.0375 0.059375
3 0.3890625 0.6078125 0.0328125 0.0609375
3 0.43046875 0.5734375 0.0375 0.059375
3 0.4890625 0.67734375 0.03125 0.0515625
3 0.496875 0.58828125 0.0359375 0.065625
3 0.546875 0.60625 0.0328125 0.0515625
3 0.59609375 0.61484375 0.034375 0.0578125
3 0.64921875 0.603125 0.0546875 0.071875
3 0.71953125 0.596875 0.0453125 0.0625