3 0.01171875 0.56171875 0.0234375 0.0375
3 0.08125 0.57578125 0.02421875 0.03828125
3 0.2078125 0.5890625 0.0296875 0.05546875
3 0.2359375 0.5546875 0.03125 0.059375
3 0.27421875 0.57109375 0.028125 0.0578125
3 0.32734375 0.57421875 0.03203125 0.05703125
3 0.38046875 0.59765625 0.028125 0.05859375
3 0.42421875 0.5671875 0.03203125 0.05625
3 0.4734375 0.67578125 0.02734375 0.05
3 0.4890625 0.5875 0.03125 0.06328125
3 0.5375 0.61015625 0.028125 0.04921875
3 0.5859375 0.62265625 0.0296875 0.0546875
3 0.63984375 0.615625 0.04921875 0.0671875
3 0.71015625 0.615625 0.03984375 0.059375