3 0.17578125 0.0640625 0.071875 0.1125
3 0.375 0.16640625 0.0828125 0.11875
3 0.56875 0.1234375 0.06875 0.121875
3 0.46796875 0.15703125 0.05625 0.109375
3 0.68984375 0.18359375 0.065625 0.125
3 0.7546875 0.20859375 0.0796875 0.1328125
3 0.8859375 0.178125 0.075 0.1203125
3 0.96640625 0.2375 0.05625 0.1
3 0.984375 0.28046875 0.03125 0.0953125
3 0.24140625 0.1296875 0.046875 0.0859375
3 0.10390625 0.084375 0.0578125 0.0921875
3 0.2125 0.11328125 0.065625 0.1203125
3 0.28359375 0.184375 0.040625 0.0609375
3 0.6109375 0.2046875 0.05625 0.1