3 0.11171875 0.1203125 0.05625 0.10546875
3 0.32421875 0.18984375 0.06640625 0.11015625
3 0.50859375 0.1171875 0.0515625 0.115625
3 0.41484375 0.16640625 0.03984375 0.1046875
3 0.63828125 0.1578125 0.04765625 0.11953125
3 0.70625 0.17265625 0.06015625 0.125
3 0.83046875 0.121875 0.05859375 0.1125
3 0.91953125 0.16796875 0.04140625 0.0953125
3 0.9578125 0.20546875 0.04609375 0.0890625
3 0.18671875 0.175 0.034375 0.08125
3 0.04375 0.1515625 0.04453125 0.0859375
3 0.15546875 0.16328125 0.04765625 0.1140625
3 0.23671875 0.221875 0.03203125 0.05625
3 0.56328125 0.190625 0.0421875 0.0953125