3 0.08828125 0.5328125 0.1765625 0.340625
3 0.22265625 0.5359375 0.11875 0.2140625
3 0.4453125 0.52109375 0.1078125 0.1921875
3 0.590625 0.525 0.134375 0.2375
3 0.91328125 0.5 0.1203125 0.1859375
3 0.4546875 0.85703125 0.24375 0.2859375
3 0.5109375 0.40078125 0.0859375 0.1359375
3 0.671875 0.31328125 0.06875 0.1078125
3 0.78671875 0.27734375 0.0703125 0.1078125
3 0.9546875 0.346875 0.0765625 0.140625
3 0.2375 0.3546875 0.0484375 0.0765625
3 0.2921875 0.41484375 0.0734375 0.0703125
3 0.05078125 0.3328125 0.04375 0.0625
3 0.69375 0.55859375 0.103125 0.153125
3 0.7890625 0.41640625 0.128125 0.1546875
3 0.6171875 0.390625 0.0921875 0.115625
3 0.61484375 0.31015625 0.0515625 0.0734375
3 0.871875 0.278125 0.0328125 0.05625
3 0.91796875 0.27421875 0.0640625 0.084375