3 0.0796875 0.48984375 0.15859375 0.32578125
3 0.2203125 0.50703125 0.09765625 0.20546875
3 0.44375 0.515625 0.0890625 0.184375
3 0.5875 0.534375 0.11171875 0.22734375
3 0.9109375 0.54296875 0.103125 0.1765625
3 0.41640625 0.85859375 0.215625 0.28203125
3 0.52109375 0.40234375 0.07265625 0.1296875
3 0.690625 0.33203125 0.0578125 0.10234375
3 0.80859375 0.30859375 0.06015625 0.10234375
3 0.96796875 0.3953125 0.06328125 0.134375
3 0.25390625 0.328125 0.040625 0.0734375
3 0.30234375 0.39375 0.06796875 0.06328125
3 0.07109375 0.28671875 0.0375 0.05859375
3 0.68671875 0.57890625 0.0890625 0.14453125
3 0.79609375 0.446875 0.11328125 0.14375
3 0.628125 0.403125 0.08125 0.10703125
3 0.634375 0.3234375 0.0453125 0.06953125
3 0.89296875 0.31796875 0.02734375 0.05390625
3 0.9390625 0.31875 0.05625 0.0796875