3 0.084375 0.28671875 0.0484375 0.0671875
3 0.16015625 0.2640625 0.046875 0.065625
3 0.2125 0.29765625 0.040625 0.0625
3 0.246875 0.278125 0.034375 0.065625
3 0.28203125 0.33984375 0.034375 0.0625
3 0.32578125 0.3265625 0.0359375 0.0609375
3 0.32890625 0.24140625 0.0390625 0.0640625
3 0.40625 0.21328125 0.05 0.071875
3 0.40546875 0.31796875 0.0453125 0.0765625
3 0.459375 0.36875 0.04375 0.0671875
3 0.478125 0.21328125 0.0375 0.0671875
3 0.54375 0.23515625 0.0421875 0.071875
3 0.528125 0.36171875 0.0390625 0.065625
3 0.584375 0.37578125 0.0328125 0.05625
3 0.63046875 0.265625 0.0484375 0.075
3 0.65078125 0.365625 0.0453125 0.0796875
3 0.72421875 0.2765625 0.0453125 0.078125
3 0.72578125 0.39140625 0.046875 0.0859375
3 0.78984375 0.31640625 0.0390625 0.084375
3 0.8546875 0.2984375 0.04375 0.075
3 0.8046875 0.39375 0.046875 0.0765625
3 0.875 0.41640625 0.0546875 0.0671875