3 0.05625 0.3546875 0.03984375 0.0625
3 0.12734375 0.3203125 0.0375 0.06015625
3 0.184375 0.3453125 0.03125 0.0578125
3 0.215625 0.3203125 0.025 0.06171875
3 0.259375 0.37578125 0.02578125 0.05859375
3 0.30078125 0.35625 0.0265625 0.0578125
3 0.290625 0.27109375 0.03046875 0.06015625
3 0.3625 0.23125 0.03984375 0.06640625
3 0.378125 0.33515625 0.034375 0.07265625
3 0.4390625 0.3765625 0.03515625 0.0625
3 0.43359375 0.2203125 0.028125 0.06328125
3 0.5015625 0.23125 0.0328125 0.0671875
3 0.50625 0.359375 0.03046875 0.0609375
3 0.5640625 0.3640625 0.02421875 0.05390625
3 0.5921875 0.2484375 0.03828125 0.06953125
3 0.628125 0.34375 0.03359375 0.07578125
3 0.68671875 0.24453125 0.03359375 0.07421875
3 0.70625 0.35703125 0.03515625 0.08203125
3 0.7578125 0.2734375 0.0265625 0.08046875
3 0.81875 0.2453125 0.0328125 0.0703125
3 0.784375 0.34765625 0.03671875 0.071875
3 0.85703125 0.35859375 0.04609375 0.0609375