0 0.23671875 0.3609375 0.1265625 0.11875
0 0.31484375 0.31484375 0.1109375 0.115625
6 0.6109375 0.1203125 0.184375 0.240625
0 0.65859375 0.42734375 0.1140625 0.0640625
1 0.128125 0.49296875 0.0625 0.0671875
1 0.40234375 0.4734375 0.0421875 0.028125
1 0.4546875 0.48046875 0.0375 0.0421875
1 0.5078125 0.5 0.021875 0.04375
0 0.2140625 0.9875 0.03125 0.025
0 0.25 0.984375 0.04375 0.03125
0 0.34296875 0.93671875 0.0234375 0.0359375
0 0.4 0.93671875 0.0375 0.0359375
0 0.4578125 0.909375 0.028125 0.0328125
0 0.4140625 0.9015625 0.028125 0.0265625
0 0.48203125 0.9328125 0.04375 0.0375
0 0.51171875 0.953125 0.0140625 0.05