0 0.22578125 0.384375 0.1359375 0.1296875
0 0.29921875 0.33203125 0.1203125 0.125
6 0.57734375 0.11953125 0.2046875 0.2390625
0 0.6515625 0.4140625 0.11875 0.0734375
1 0.12890625 0.52578125 0.06875 0.071875
1 0.40078125 0.48203125 0.04375 0.03125
1 0.453125 0.484375 0.040625 0.0453125
1 0.5078125 0.49921875 0.025 0.0453125
0 0.2921875 0.99375 0.046875 0.0125
0 0.38125 0.9484375 0.0265625 0.0375
0 0.43828125 0.94375 0.040625 0.0390625
0 0.49375 0.91171875 0.03125 0.034375
0 0.44921875 0.9078125 0.0296875 0.0296875
0 0.51953125 0.9328125 0.046875 0.040625
0 0.55078125 0.95 0.01875 0.0515625