3 0.03671875 0.340625 0.028125 0.0390625
3 0.1515625 0.25703125 0.02578125 0.0390625
3 0.09765625 0.284375 0.0296875 0.053125
3 0.2875 0.2265625 0.046875 0.109375
3 0.34921875 0.25234375 0.05625 0.08828125
3 0.4046875 0.2375 0.04375 0.08828125
3 0.4578125 0.22578125 0.04140625 0.07421875
3 0.50234375 0.23515625 0.05078125 0.07578125
3 0.58046875 0.2453125 0.0578125 0.1046875
3 0.71015625 0.2390625 0.06328125 0.1046875
3 0.83203125 0.26953125 0.059375 0.103125
3 0.63125 0.1078125 0.028125 0.05234375
3 0.95234375 0.07578125 0.0265625 0.0546875