3 0.84609375 0.3109375 0.05859375 0.0890625
3 0.52109375 0.4140625 0.03203125 0.0640625
3 0.57734375 0.43828125 0.01796875 0.0359375
3 0.553125 0.4359375 0.02578125 0.04765625
3 0.65546875 0.45859375 0.02421875 0.03515625
3 0.6125 0.45 0.025 0.0390625
3 0.03828125 0.6046875 0.0640625 0.14296875
3 0.16640625 0.6140625 0.071875 0.12265625
3 0.20625 0.5921875 0.0453125 0.09453125
3 0.2609375 0.565625 0.05390625 0.0859375
3 0.2921875 0.5421875 0.0484375 0.0703125
3 0.32421875 0.56640625 0.0390625 0.07421875
3 0.42734375 0.51484375 0.02734375 0.05390625
3 0.4515625 0.503125 0.0234375 0.04140625
3 0.4375 0.43203125 0.0203125 0.03359375
3 0.3609375 0.43671875 0.01484375 0.03125
3 0.309375 0.4375 0.0140625 0.02578125
3 0.17109375 0.4296875 0.0203125 0.0375
3 0.05390625 0.515625 0.04453125 0.059375
3 0.109375 0.51953125 0.028125 0.059375
3 0.14375 0.5390625 0.04921875 0.06328125
3 0.1640625 0.49453125 0.02734375 0.0390625
3 0.2046875 0.48515625 0.021875 0.03828125
3 0.36328125 0.50859375 0.021875 0.0359375
3 0.30625 0.49765625 0.0171875 0.028125
3 0.28046875 0.49375 0.01953125 0.028125
3 0.225 0.490625 0.01640625 0.03359375
3 0.2046875 0.48359375 0.025 0.0453125
3 0.075 0.5 0.01953125 0.0453125
3 0.1453125 0.48984375 0.0203125 0.03359375
3 0.18671875 0.5390625 0.03515625 0.05546875
3 0.215625 0.540625 0.03203125 0.04765625
3 0.24140625 0.51875 0.0296875 0.02578125
3 0.33359375 0.51640625 0.01796875 0.03359375
3 0.325 0.49140625 0.0171875 0.0390625
3 0.38359375 0.50234375 0.0171875 0.0359375
3 0.40546875 0.49296875 0.0140625 0.03515625
3 0.47890625 0.49921875 0.01640625 0.04140625