3 0.85234375 0.3234375 0.0609375 0.090625
3 0.52421875 0.41484375 0.034375 0.065625
3 0.5796875 0.44140625 0.01875 0.0359375
3 0.55546875 0.4375 0.028125 0.0484375
3 0.65703125 0.4640625 0.025 0.0359375
3 0.6140625 0.45390625 0.0265625 0.040625
3 0.03515625 0.58828125 0.06875 0.1453125
3 0.1625 0.60234375 0.0765625 0.125
3 0.203125 0.58203125 0.0484375 0.0953125
3 0.25859375 0.55703125 0.05625 0.0875
3 0.290625 0.53515625 0.0515625 0.071875
3 0.321875 0.56015625 0.0421875 0.075
3 0.4265625 0.5125 0.0296875 0.0546875
3 0.4515625 0.5015625 0.025 0.0421875
3 0.43984375 0.4296875 0.021875 0.034375
3 0.36328125 0.43203125 0.015625 0.03125
3 0.31171875 0.43125 0.015625 0.0265625
3 0.1734375 0.41796875 0.021875 0.0375
3 0.05390625 0.5 0.046875 0.0609375
3 0.10859375 0.50625 0.0296875 0.0609375
3 0.14296875 0.5265625 0.0515625 0.065625
3 0.16484375 0.4828125 0.028125 0.040625
3 0.20546875 0.475 0.0234375 0.0390625
3 0.36328125 0.50390625 0.0234375 0.0359375
3 0.30625 0.490625 0.01875 0.028125
3 0.28046875 0.4859375 0.0203125 0.028125
3 0.22578125 0.48125 0.0171875 0.034375
3 0.20546875 0.4734375 0.0265625 0.046875
3 0.075 0.48515625 0.021875 0.0453125
3 0.14609375 0.47734375 0.021875 0.034375
3 0.18515625 0.528125 0.0375 0.05625
3 0.2140625 0.53046875 0.034375 0.0484375
3 0.240625 0.509375 0.03125 0.0265625
3 0.3328125 0.5109375 0.01875 0.034375
3 0.32578125 0.48515625 0.01875 0.0390625
3 0.38359375 0.4984375 0.01875 0.0359375
3 0.40546875 0.48984375 0.015625 0.0359375
3 0.47890625 0.4984375 0.0171875 0.0421875