3 0.88359375 0.475 0.0453125 0.06875
3 0.97109375 0.07421875 0.0578125 0.0328125
3 0.56484375 0.45703125 0.0390625 0.0640625
3 0.53125 0.47109375 0.04375 0.05
3 0.7984375 0.49296875 0.04375 0.0578125
3 0.6671875 0.46640625 0.046875 0.065625
3 0.0234375 0.45078125 0.046875 0.0890625
3 0.35078125 0.45625 0.0453125 0.05625
3 0.4390625 0.4234375 0.0421875 0.046875
3 0.76328125 0.48359375 0.053125 0.0640625
3 0.4515625 0.46171875 0.05 0.0578125
3 0.6 0.45234375 0.075 0.0828125
3 0.09453125 0.41640625 0.0546875 0.059375
3 0.70859375 0.45703125 0.08125 0.0953125
3 0.39296875 0.4484375 0.0625 0.078125
3 0.14765625 0.4078125 0.059375 0.071875
3 0.209375 0.42265625 0.0828125 0.0953125
3 0.9390625 0.44453125 0.121875 0.1484375
3 0.83828125 0.47734375 0.0671875 0.084375