3 0.38828125 0.18515625 0.0359375 0.04375
3 0.01796875 0.2265625 0.0359375 0.04375
3 0.26171875 0.21171875 0.0421875 0.046875
3 0.46015625 0.35234375 0.06875 0.06875
3 0.446875 0.18203125 0.04375 0.0515625
3 0.48359375 0.1734375 0.040625 0.046875
3 0.46328125 0.00703125 0.0421875 0.0140625
3 0.42890625 0.009375 0.0390625 0.0140625
3 0.590625 0.42734375 0.0796875 0.0671875
3 0.4140625 0.17578125 0.040625 0.0515625
3 0.82421875 0.25859375 0.0453125 0.053125
3 0.1375 0.3140625 0.053125 0.0578125
3 0.39765625 0.01875 0.0421875 0.0265625
3 0.7078125 0.196875 0.0484375 0.0546875
3 0.521875 0.15546875 0.0484375 0.0578125
3 0.50625 0.01640625 0.046875 0.0328125