3 0.39921875 0.18125 0.034375 0.0421875
3 0.02578125 0.209375 0.0390625 0.04375
3 0.271875 0.203125 0.0421875 0.046875
3 0.465625 0.3515625 0.0671875 0.0671875
3 0.4578125 0.18046875 0.0421875 0.0515625
3 0.4953125 0.17265625 0.0390625 0.046875
3 0.48125 0.00703125 0.040625 0.0140625
3 0.44609375 0.00703125 0.0390625 0.0125
3 0.59296875 0.43046875 0.0796875 0.065625
3 0.42578125 0.1734375 0.0390625 0.0515625
3 0.8328125 0.2703125 0.04375 0.0515625
3 0.14375 0.3015625 0.0515625 0.05625
3 0.4140625 0.015625 0.0421875 0.025
3 0.71796875 0.2046875 0.046875 0.0546875
3 0.53359375 0.15625 0.046875 0.05625
3 0.52421875 0.01640625 0.0453125 0.0328125