3 0.04296875 0.040625 0.0359375 0.053125
3 0.98984375 0.03828125 0.0203125 0.0578125
3 0.02734375 0.03671875 0.0546875 0.0640625
3 0.12890625 0.4046875 0.0359375 0.05546875
3 0.12890625 0.0328125 0.0359375 0.05546875
3 0.4046875 0.04375 0.06484375 0.07734375
3 0.98984375 0.39296875 0.0203125 0.0546875
3 0.95 0.0515625 0.053125 0.05546875
3 0.02890625 0.3953125 0.0578125 0.0625
3 0.94921875 0.384375 0.0484375 0.05546875
3 0.6359375 0.04375 0.06015625 0.08203125
3 0.17421875 0.4109375 0.0765625 0.09375
3 0.4046875 0.38671875 0.0625 0.0796875
3 0.79375 0.06484375 0.071875 0.0890625
3 0.6375 0.3890625 0.06015625 0.07734375
3 0.27421875 0.046875 0.0765625 0.08671875
3 0.17578125 0.034375 0.0765625 0.06875
3 0.275 0.390625 0.071875 0.08671875
3 0.7921875 0.36875 0.06953125 0.08671875