3 0.55703125 0.01953125 0.0421875 0.0390625
3 0.4828125 0.0109375 0.04375 0.021875
3 0.1640625 0.21796875 0.0859375 0.1203125
3 0.41015625 0.30234375 0.0546875 0.046875
3 0.73125 0.3796875 0.0390625 0.046875
3 0.14453125 0.02578125 0.1140625 0.0515625
3 0.2046875 0.22734375 0.075 0.1109375
3 0.4890625 0.30703125 0.0453125 0.0546875
3 0.5828125 0.02578125 0.0515625 0.046875
3 0.09921875 0.1859375 0.1140625 0.1859375
3 0.77890625 0.059375 0.04375 0.0296875
3 0.63984375 0.03671875 0.040625 0.0421875
3 0.71171875 0.36796875 0.0390625 0.046875
3 0.3921875 0.3 0.0359375 0.04375
3 0.25546875 0.0109375 0.0703125 0.021875
3 0.184375 0.225 0.0828125 0.1140625
3 0.57890625 0.325 0.0421875 0.0515625
3 0.42421875 0.3015625 0.0390625 0.046875
3 0.69453125 0.053125 0.065625 0.05625
3 0.521875 0.321875 0.0515625 0.065625
3 0.63671875 0.3390625 0.0671875 0.0734375
3 0.2796875 0.24921875 0.0796875 0.0921875
3 0.33203125 0.0140625 0.0828125 0.028125
3 0.35 0.2703125 0.0703125 0.0796875
3 0.40546875 0.01640625 0.0703125 0.0328125