3 0.421875 0.175 0.03125 0.040625
3 0.046875 0.17734375 0.0359375 0.040625
3 0.29296875 0.18828125 0.03828125 0.04375
3 0.47578125 0.34921875 0.0625 0.0625
3 0.48046875 0.178125 0.03828125 0.0484375
3 0.51796875 0.1734375 0.0359375 0.04375
3 0.515625 0.00625 0.040625 0.01171875
3 0.48046875 0.0046875 0.03828125 0.009375
3 0.59765625 0.4375 0.07421875 0.06015625
3 0.4484375 0.16875 0.0359375 0.0484375
3 0.84765625 0.29375 0.040625 0.0484375
3 0.15859375 0.27734375 0.0484375 0.053125
3 0.4484375 0.0109375 0.040625 0.021875
3 0.73828125 0.2203125 0.04296875 0.05078125
3 0.5578125 0.159375 0.04296875 0.053125
3 0.5578125 0.0171875 0.04296875 0.03359375