3 0.8765625 0.421875 0.0359375 0.06484375
3 0.93203125 0.009375 0.1046875 0.01875
3 0.55859375 0.4484375 0.03125 0.06015625
3 0.5265625 0.4671875 0.03828125 0.0453125
3 0.79453125 0.4515625 0.0359375 0.053125
3 0.6609375 0.44375 0.03828125 0.06015625
3 0.01953125 0.51796875 0.03828125 0.084375
3 0.34609375 0.47734375 0.03828125 0.05078125
3 0.42890625 0.4328125 0.0359375 0.04296875
3 0.75859375 0.446875 0.0453125 0.0578125
3 0.446875 0.46875 0.04296875 0.053125
3 0.5921875 0.4390625 0.06484375 0.07421875
3 0.08671875 0.4734375 0.0484375 0.053125
3 0.70078125 0.428125 0.06953125 0.08671875
3 0.38671875 0.4640625 0.053125 0.071875
3 0.13828125 0.4578125 0.05078125 0.06484375
3 0.2015625 0.4640625 0.071875 0.08671875
3 0.9359375 0.38359375 0.12265625 0.13203125
3 0.83203125 0.43046875 0.0578125 0.0765625