3 0.40859375 0.109375 0.034375 0.034375
3 0.4375 0.11953125 0.0296875 0.0359375
3 0.075 0.11015625 0.0828125 0.078125
3 0.16796875 0.3890625 0.05 0.0609375
3 0.67578125 0.365625 0.0546875 0.0703125
3 0.1625 0.3609375 0.046875 0.05625
3 0.4375 0.1390625 0.0359375 0.0359375
3 0.159375 0.13984375 0.05 0.0609375
3 0.51171875 0.1265625 0.0421875 0.0453125
3 0.78984375 0.07265625 0.0703125 0.075
3 0.3359375 0.1421875 0.0359375 0.04375
3 0.79921875 0.4125 0.0640625 0.0734375
3 0.94765625 0.0359375 0.0859375 0.071875
3 0.08125 0.39765625 0.08125 0.075
3 0.44140625 0.36015625 0.0421875 0.0453125
3 0.67265625 0.12578125 0.0609375 0.075
3 0.20390625 0.1328125 0.0515625 0.0640625
3 0.33984375 0.36015625 0.0359375 0.040625
3 0.0546875 0.06328125 0.109375 0.1140625
3 0.51484375 0.36796875 0.0390625 0.04375
3 0.6265625 0.1046875 0.05625 0.0609375
3 0.63203125 0.38828125 0.05625 0.05625
3 0.2078125 0.37421875 0.0515625 0.0609375
3 0.05546875 0.45390625 0.1109375 0.1296875
3 0.95546875 0.46015625 0.0890625 0.1125