3 0.53125 0.01796875 0.040625 0.0359375
3 0.45625 0.01171875 0.04375 0.0234375
3 0.14921875 0.23515625 0.08125 0.1171875
3 0.39921875 0.30703125 0.053125 0.0453125
3 0.72421875 0.3671875 0.0375 0.0453125
3 0.11796875 0.03515625 0.1078125 0.0703125
3 0.19140625 0.2421875 0.0703125 0.109375
3 0.478125 0.3078125 0.04375 0.053125
3 0.55703125 0.02265625 0.05 0.0453125
3 0.16875 0.01015625 0.071875 0.0203125
3 0.0828125 0.20625 0.10625 0.184375
3 0.75546875 0.0453125 0.04375 0.028125
3 0.615625 0.03046875 0.0390625 0.040625
3 0.70390625 0.35703125 0.0375 0.0453125
3 0.38203125 0.30625 0.034375 0.0421875
3 0.22890625 0.0171875 0.0671875 0.034375
3 0.1703125 0.24296875 0.078125 0.1125
3 0.56953125 0.3203125 0.040625 0.0515625
3 0.41328125 0.30546875 0.0375 0.0453125
3 0.67109375 0.04375 0.0640625 0.053125
3 0.5125 0.3203125 0.0484375 0.0640625
3 0.628125 0.33125 0.0640625 0.0703125
3 0.26640625 0.26015625 0.0765625 0.0890625
3 0.30703125 0.01953125 0.0796875 0.0390625
3 0.33828125 0.27890625 0.06875 0.078125
3 0.3796875 0.01875 0.06875 0.0375