3 0.86171875 0.3703125 0.0453125 0.0703125
3 0.55078125 0.440625 0.0390625 0.0640625
3 0.521875 0.4640625 0.0453125 0.05
3 0.78515625 0.4109375 0.04375 0.0578125
3 0.6515625 0.421875 0.046875 0.065625
3 0.0265625 0.584375 0.05 0.0890625
3 0.34453125 0.49921875 0.0453125 0.05625
3 0.4203125 0.44375 0.0421875 0.0484375
3 0.7484375 0.41171875 0.053125 0.0640625
3 0.44296875 0.4765625 0.05 0.059375
3 0.5828125 0.4265625 0.075 0.0828125
3 0.08671875 0.53125 0.0546875 0.059375
3 0.6890625 0.40078125 0.08125 0.096875
3 0.3828125 0.48046875 0.0625 0.078125
3 0.1359375 0.50859375 0.0609375 0.071875
3 0.19921875 0.50625 0.0828125 0.096875
3 0.915625 0.32421875 0.140625 0.146875
3 0.81875 0.38515625 0.0671875 0.084375