3 0.45546875 0.0171875 0.0359375 0.03359375
3 0.3796875 0.0171875 0.03828125 0.03359375
3 0.1125 0.29375 0.06484375 0.10859375
3 0.37109375 0.325 0.0484375 0.03828125
3 0.7015625 0.334375 0.03125 0.040625
3 0.04453125 0.06484375 0.0890625 0.1296875
3 0.1546875 0.29453125 0.05546875 0.1015625
3 0.44921875 0.31328125 0.0359375 0.0484375
3 0.48203125 0.01875 0.0453125 0.0375
3 0.0921875 0.0375 0.06015625 0.075
3 0.04296875 0.27578125 0.0796875 0.1734375
3 0.68125 0.0109375 0.040625 0.021875
3 0.540625 0.01796875 0.03359375 0.0359375
3 0.6796875 0.3265625 0.03125 0.040625
3 0.353125 0.3265625 0.02890625 0.03828125
3 0.153125 0.03984375 0.05546875 0.0796875
3 0.134375 0.296875 0.0625 0.10390625
3 0.540625 0.3125 0.03359375 0.04609375
3 0.384375 0.321875 0.03125 0.040625
3 0.59765625 0.02265625 0.0578125 0.0453125
3 0.484375 0.32109375 0.040625 0.0578125
3 0.6 0.3140625 0.05546875 0.0625
3 0.2328125 0.30078125 0.06484375 0.0796875
3 0.23046875 0.034375 0.0703125 0.06875
3 0.30546875 0.30625 0.0578125 0.06953125
3 0.303125 0.02890625 0.06015625 0.0578125