3 0.11953125 0.45703125 0.04375 0.059375
3 0.0671875 0.0890625 0.04375 0.059375
3 0.3421875 0.06171875 0.075 0.0859375
3 0.9703125 0.32578125 0.028125 0.05625
3 0.88359375 0.01171875 0.0609375 0.0234375
3 0.02578125 0.46171875 0.0515625 0.0703125
3 0.92890625 0.32265625 0.05625 0.0609375
3 0.57109375 0.03671875 0.0703125 0.0734375
3 0.16484375 0.45703125 0.0890625 0.103125
3 0.38984375 0.40078125 0.0734375 0.0875
3 0.73046875 0.03828125 0.0828125 0.0765625
3 0.62109375 0.37109375 0.0703125 0.084375
3 0.21328125 0.0828125 0.0875 0.096875
3 0.1140625 0.084375 0.0859375 0.078125
3 0.26171875 0.42265625 0.0828125 0.0953125
3 0.77109375 0.3296875 0.08125 0.0953125