6 0.3203125 0.1203125 0.215625 0.215625
0 0.5921875 0.10078125 0.1578125 0.0921875
0 0.72109375 0.02578125 0.1515625 0.0515625
6 0.2453125 0.67890625 0.2375 0.215625
0 0.34375 0.92734375 0.1046875 0.13125
0 0.2203125 0.94296875 0.11875 0.10625
1 0.2234375 0.53515625 0.1375 0.1015625
6 0.7375 0.5375 0.09375 0.1140625
6 0.93984375 0.4671875 0.075 0.1
6 0.58125 0.60703125 0.05625 0.0765625
6 0.66171875 0.5609375 0.06875 0.096875
6 0.9046875 0.471875 0.103125 0.1140625
6 0.78671875 0.50703125 0.0953125 0.1234375