0 0.1765625 0.42109375 0.08125 0.06875
0 0.23359375 0.41796875 0.075 0.05625
6 0.903125 0.16875 0.15 0.3375
6 0.85 0.0953125 0.175 0.190625
6 0.58671875 0.06171875 0.0890625 0.1234375
6 0.7125 0.1296875 0.25625 0.259375
1 0.7046875 0.22109375 0.1484375 0.2234375
6 0.62265625 0.2171875 0.1375 0.296875
6 0.86796875 0.221875 0.2203125 0.2609375
1 0.13671875 0.50390625 0.171875 0.1171875
6 0.14453125 0.68203125 0.2828125 0.3203125
1 0.41171875 0.5078125 0.1765625 0.159375
6 0.42109375 0.67734375 0.3171875 0.3171875
0 0.671875 0.69765625 0.0609375 0.1390625