6 0.38359375 0.16796875 0.2046875 0.3359375
0 0.31640625 0.62578125 0.0640625 0.0859375
0 0.37109375 0.63203125 0.0703125 0.0734375
1 0.77734375 0.05390625 0.059375 0.0921875
1 0.61640625 0.05703125 0.0546875 0.0765625
1 0.83046875 0.09296875 0.0453125 0.0671875
1 0.69453125 0.08203125 0.0390625 0.0546875
1 0.89921875 0.13515625 0.0515625 0.0953125
6 0.82109375 0.23203125 0.0703125 0.1921875
6 0.6765625 0.21796875 0.0859375 0.1984375
6 0.7515625 0.23671875 0.1234375 0.2625
6 0.8734375 0.271875 0.109375 0.2421875
6 0.5953125 0.25703125 0.1125 0.2734375
6 0.97734375 0.44140625 0.0453125 0.2796875
0 0.9203125 0.62734375 0.059375 0.0828125
0 0.8953125 0.5984375 0.065625 0.065625
0 0.853125 0.5578125 0.059375 0.078125
0 0.215625 0.94921875 0.059375 0.1015625
0 0.26953125 0.95625 0.0765625 0.0875