1 0.1390625 0.009375 0.103125 0.01875
6 0.215625 0.19375 0.2171875 0.2734375
0 0.31875 0.6546875 0.0796875 0.0453125
0 0.37421875 0.64921875 0.0765625 0.0578125
6 0.5609375 0.0890625 0.090625 0.11875
0 0.590625 0.2296875 0.0640625 0.0703125
0 0.52734375 0.2359375 0.028125 0.0546875
1 0.5375 0.0140625 0.0390625 0.0265625
6 0.0828125 0.74609375 0.165625 0.1515625
0 0.08984375 0.92890625 0.078125 0.0875
0 0.1625 0.915625 0.0796875 0.090625
6 0.9015625 0.75703125 0.190625 0.14375
0 0.959375 0.97109375 0.065625 0.0578125