6 0.3625 0.1515625 0.19375 0.2734375
0 0.27578125 0.63515625 0.0765625 0.0890625
0 0.3515625 0.6453125 0.071875 0.06875
6 0.6828125 0.30859375 0.2328125 0.2140625
0 0.60234375 0.60625 0.090625 0.1359375
0 0.67890625 0.5609375 0.084375 0.1125
1 0.71328125 0.1453125 0.1390625 0.0796875
6 0.1875 0.72578125 0.246875 0.0921875
0 0.09609375 0.96484375 0.1734375 0.0703125
0 0.16171875 0.95 0.1171875 0.1
6 0.78359375 0.72421875 0.0796875 0.0890625
6 0.98359375 0.73046875 0.0328125 0.0921875
6 0.61328125 0.71953125 0.046875 0.071875
6 0.70390625 0.71640625 0.0546875 0.0734375
6 0.959375 0.72578125 0.08125 0.0921875
6 0.8421875 0.721875 0.078125 0.084375