1 0.13125 0.0125 0.103125 0.025
6 0.21015625 0.1984375 0.2125 0.2703125
0 0.32109375 0.6578125 0.0796875 0.04375
0 0.3765625 0.6515625 0.075 0.05625
6 0.55390625 0.08828125 0.0890625 0.1171875
0 0.5859375 0.228125 0.0625 0.06875
0 0.52265625 0.23515625 0.0265625 0.0546875
1 0.52890625 0.01328125 0.0390625 0.0265625
6 0.084375 0.75390625 0.16875 0.1484375
0 0.09765625 0.9359375 0.0765625 0.0859375
0 0.16953125 0.92109375 0.078125 0.0890625
6 0.90625 0.75 0.1875 0.140625
0 0.96796875 0.96796875 0.0640625 0.0640625