6 0.3875 0.14296875 0.2125 0.2859375
0 0.2671875 0.61953125 0.0828125 0.09375
0 0.34140625 0.634375 0.0765625 0.0734375
6 0.69609375 0.321875 0.246875 0.2296875
0 0.59453125 0.61328125 0.1 0.1421875
0 0.67421875 0.5734375 0.0921875 0.11875
1 0.7375 0.1609375 0.14375 0.0890625
6 0.17265625 0.703125 0.253125 0.109375
0 0.0765625 0.93515625 0.153125 0.0828125
0 0.13125 0.925 0.1234375 0.1078125
6 0.7671875 0.74375 0.0859375 0.09375
6 0.96640625 0.76328125 0.0390625 0.09375
6 0.59765625 0.7265625 0.0515625 0.075
6 0.68828125 0.73046875 0.059375 0.0765625
6 0.9421875 0.75703125 0.0875 0.096875
6 0.82578125 0.7453125 0.084375 0.0890625