6 0.38828125 0.1671875 0.2109375 0.334375
0 0.3140625 0.62265625 0.065625 0.0875
0 0.36875 0.6296875 0.071875 0.075
1 0.78515625 0.05859375 0.0609375 0.09375
1 0.62421875 0.059375 0.05625 0.078125
1 0.8375 0.0984375 0.046875 0.0671875
1 0.7015625 0.08515625 0.040625 0.0546875
1 0.90546875 0.1421875 0.053125 0.096875
6 0.82578125 0.2375 0.0734375 0.19375
6 0.68125 0.22109375 0.0890625 0.2
6 0.75625 0.24140625 0.128125 0.2640625
6 0.87734375 0.278125 0.1140625 0.24375
6 0.59921875 0.25859375 0.1171875 0.275
6 0.9765625 0.44921875 0.046875 0.2796875
0 0.91796875 0.634375 0.0609375 0.084375
0 0.89375 0.60546875 0.0671875 0.0671875
0 0.85234375 0.5640625 0.0609375 0.0796875
0 0.2078125 0.94453125 0.0609375 0.103125
0 0.26171875 0.95234375 0.078125 0.0890625