6 0.11640625 0.13515625 0.2109375 0.221875
6 0.9453125 0.33984375 0.0890625 0.13125
6 0.534375 0.3078125 0.0921875 0.153125
6 0.6140625 0.353125 0.078125 0.140625
6 0.7625 0.31875 0.08125 0.128125
6 0.83984375 0.30390625 0.0875 0.121875
6 0.29765625 0.95 0.0890625 0.1
6 0.5109375 0.95234375 0.065625 0.0953125
6 0.128125 0.96875 0.053125 0.0625
6 0.21875 0.9546875 0.0625 0.090625
6 0.47734375 0.9453125 0.0984375 0.109375
6 0.3546875 0.94140625 0.0875 0.1171875
6 0.93515625 0.59140625 0.1296875 0.3140625
0 0.9234375 0.9125 0.153125 0.115625