0 0.19296875 0.37109375 0.0734375 0.0578125
0 0.25 0.37734375 0.06875 0.0453125
6 0.95546875 0.2 0.0890625 0.4
6 0.9140625 0.1234375 0.1390625 0.2359375
6 0.6546875 0.0796875 0.071875 0.115625
6 0.77265625 0.14140625 0.2140625 0.2828125
1 0.74609375 0.25625 0.1171875 0.2078125
6 0.665625 0.23984375 0.09375 0.2859375
6 0.90703125 0.2828125 0.1859375 0.234375
1 0.140625 0.446875 0.159375 0.09375
6 0.1203125 0.62421875 0.240625 0.2859375
1 0.41171875 0.49375 0.1578125 0.1359375
6 0.39453125 0.6625 0.278125 0.2765625
0 0.6390625 0.721875 0.040625 0.134375