6 0.41015625 0.08984375 0.1796875 0.1796875
0 0.6796875 0.13203125 0.1484375 0.0609375
0 0.82734375 0.0671875 0.140625 0.065625
6 0.21171875 0.6171875 0.203125 0.175
0 0.2515625 0.88125 0.08125 0.115625
0 0.128125 0.86875 0.1015625 0.0859375
1 0.22265625 0.471875 0.1234375 0.075
6 0.72265625 0.58984375 0.0734375 0.1
6 0.9359375 0.5671875 0.05625 0.0890625
6 0.5546875 0.62265625 0.0421875 0.06875
6 0.64375 0.59609375 0.05 0.0875
6 0.90078125 0.5640625 0.0828125 0.0984375
6 0.778125 0.57109375 0.071875 0.109375