6 0.15 0.103125 0.19375 0.20625
6 0.9578125 0.37890625 0.078125 0.125
6 0.55078125 0.31171875 0.0796875 0.146875
6 0.6265625 0.36328125 0.0671875 0.1359375
6 0.77734375 0.3421875 0.0703125 0.121875
6 0.85546875 0.334375 0.078125 0.115625
6 0.259375 0.9375 0.0796875 0.10625
6 0.47109375 0.95234375 0.0578125 0.0921875
6 0.08828125 0.94140625 0.046875 0.071875
6 0.1796875 0.93046875 0.0546875 0.090625
6 0.4390625 0.94296875 0.0890625 0.103125
6 0.3171875 0.92890625 0.078125 0.1140625
6 0.9375 0.63046875 0.125 0.3046875
0 0.90703125 0.95 0.1859375 0.1