1 0.2140625 0.31875 0.0609375 0.0625
1 0.578125 0.27578125 0.0703125 0.0703125
1 0.69140625 0.3140625 0.0625 0.059375
6 0.4078125 0.55859375 0.1296875 0.29375
6 0.6 0.47578125 0.1078125 0.2765625
6 0.70625 0.5140625 0.1171875 0.2578125
1 0.40390625 0.34296875 0.071875 0.0890625
0 0.26171875 0.85078125 0.0671875 0.0296875
0 0.37578125 0.934375 0.0390625 0.0328125
0 0.43671875 0.9328125 0.0359375 0.034375
0 0.61484375 0.91796875 0.0765625 0.04375
0 0.70234375 0.9046875 0.075 0.0359375
0 0.1375 0.8265625 0.053125 0.0890625