1 0.06328125 0.0234375 0.0640625 0.046875
1 0.43046875 0.02265625 0.0734375 0.0453125
1 0.5328125 0.059375 0.053125 0.0625
6 0.23125 0.2734375 0.140625 0.296875
6 0.43203125 0.2109375 0.1171875 0.2796875
6 0.51484375 0.26015625 0.0890625 0.2609375
1 0.25078125 0.05859375 0.075 0.090625
0 0.05625 0.54921875 0.0671875 0.0328125
0 0.16015625 0.6328125 0.0390625 0.0125
0 0.22109375 0.63515625 0.0359375 0.0078125
0 0.4 0.634375 0.078125 0.009375
0 0.4890625 0.634375 0.075 0.009375
6 0.29921875 0.81953125 0.5203125 0.3609375
6 0.0625 0.81953125 0.125 0.3609375
6 0.88671875 0.67890625 0.2265625 0.0796875
0 0.8453125 0.9171875 0.13125 0.1359375
0 0.9484375 0.90390625 0.103125 0.1296875