1 0.0796875 0.01640625 0.065625 0.0328125
1 0.446875 0.021875 0.075 0.04375
1 0.5484375 0.0609375 0.0546875 0.0640625
6 0.2390625 0.2640625 0.1515625 0.3015625
6 0.4421875 0.20859375 0.1265625 0.284375
6 0.5234375 0.2609375 0.0984375 0.2640625
1 0.26640625 0.05 0.078125 0.09375
0 0.0546875 0.53359375 0.06875 0.034375
0 0.15546875 0.62109375 0.0390625 0.0140625
0 0.21640625 0.625 0.0359375 0.009375
0 0.3953125 0.63046875 0.078125 0.0125
0 0.484375 0.63359375 0.075 0.0125
6 0.28828125 0.81171875 0.5328125 0.3765625
6 0.06015625 0.803125 0.1203125 0.365625
6 0.88046875 0.6921875 0.2296875 0.0875
0 0.83046875 0.92890625 0.1359375 0.140625
0 0.934375 0.91953125 0.1078125 0.1328125