1 0.0484375 0.246875 0.0890625 0.1078125
1 0.30078125 0.26640625 0.1015625 0.090625
1 0.51015625 0.2765625 0.1015625 0.0921875
1 0.70625 0.253125 0.1015625 0.103125
1 0.90703125 0.14140625 0.121875 0.1265625
6 0.08203125 0.4515625 0.1640625 0.325
6 0.31328125 0.45546875 0.16875 0.3203125
6 0.51640625 0.4640625 0.1796875 0.284375
6 0.70859375 0.45625 0.1640625 0.3046875
0 0.01875 0.81953125 0.0375 0.1171875
0 0.0875 0.8296875 0.08125 0.115625
0 0.26640625 0.78046875 0.109375 0.1078125
0 0.32421875 0.80859375 0.1046875 0.115625
0 0.4953125 0.76484375 0.1015625 0.096875
0 0.53984375 0.809375 0.0953125 0.096875
0 0.66171875 0.80390625 0.0921875 0.075
0 0.7046875 0.8421875 0.1015625 0.090625
0 0.86640625 0.84140625 0.121875 0.103125
0 0.91640625 0.87734375 0.15 0.115625