6 0.234375 0.22421875 0.0671875 0.0515625
6 0.33359375 0.30078125 0.071875 0.08125
6 0.5234375 0.3125 0.0625 0.0546875
6 0.8 0.5640625 0.0703125 0.0890625
1 0.8171875 0.49765625 0.03125 0.03125
1 0.33203125 0.240625 0.0390625 0.0375
0 0.74140625 0.7234375 0.0359375 0.0375
0 0.34453125 0.4109375 0.0265625 0.0546875
0 0.31015625 0.3921875 0.0359375 0.053125
0 0.25625 0.37578125 0.0328125 0.065625
0 0.21875 0.32578125 0.0296875 0.053125
0 0.54609375 0.41015625 0.0265625 0.0390625
0 0.528125 0.40390625 0.0265625 0.0359375