1 0.05703125 0.23125 0.0921875 0.1109375
1 0.309375 0.259375 0.1046875 0.09375
1 0.51796875 0.27734375 0.1046875 0.0953125
1 0.7140625 0.26015625 0.1046875 0.10625
1 0.91953125 0.15546875 0.1265625 0.13125
6 0.0859375 0.43671875 0.171875 0.3296875
6 0.31484375 0.44921875 0.178125 0.325
6 0.5171875 0.46484375 0.1890625 0.290625
6 0.71015625 0.46328125 0.175 0.309375
0 0.0140625 0.803125 0.028125 0.11875
0 0.07578125 0.81484375 0.0859375 0.11875
0 0.25625 0.771875 0.1125 0.1125
0 0.31328125 0.80234375 0.109375 0.11875
0 0.4859375 0.76484375 0.1046875 0.1
0 0.52890625 0.81015625 0.0984375 0.1
0 0.6515625 0.809375 0.09375 0.078125
0 0.69296875 0.84921875 0.1046875 0.09375
0 0.8546875 0.85390625 0.125 0.1078125
0 0.90234375 0.8921875 0.1546875 0.1203125