1 0.1625 0.11640625 0.084375 0.0921875
1 0.703125 0.171875 0.0640625 0.06875
1 0.8140625 0.1921875 0.0671875 0.06875
1 0.8328125 0.49453125 0.0640625 0.071875
6 0.11328125 0.3703125 0.2078125 0.346875
6 0.64765625 0.38984375 0.159375 0.275
6 0.784375 0.39609375 0.159375 0.2703125
6 0.825 0.69296875 0.1609375 0.2453125
0 0.12265625 0.91875 0.0859375 0.05625
0 0.69453125 0.85703125 0.0671875 0.0515625
0 0.725 0.91171875 0.075 0.059375
0 0.8125 0.9140625 0.0453125 0.0734375
0 0.6 0.83125 0.0953125 0.0875
0 0.02109375 0.89375 0.0421875 0.0625