5 0.25234375 0.046875 0.0984375 0.09375
5 0.3453125 0.1390625 0.0578125 0.059375
5 0.48359375 0.15078125 0.059375 0.059375
5 0.54375 0.17890625 0.0671875 0.0828125
5 0.93828125 0.29375 0.053125 0.053125
5 0.984375 0.2 0.03125 0.09375
5 0.75546875 0.18359375 0.09375 0.071875
5 0.87109375 0.52109375 0.2578125 0.8046875
5 0.909375 0.39375 0.13125 0.303125
5 0.684375 0.42890625 0.3390625 0.628125
5 0.49375 0.4 0.2671875 0.571875
5 0.415625 0.36171875 0.24375 0.5359375
5 0.290625 0.3796875 0.25625 0.578125
5 0.1640625 0.36796875 0.328125 0.7359375