5 0.15 0.1203125 0.08125 0.078125
5 0.2625 0.1875 0.046875 0.05
5 0.39921875 0.16484375 0.0484375 0.0484375
5 0.46484375 0.178125 0.0515625 0.071875
5 0.875 0.19375 0.04375 0.04375
5 0.9296875 0.08359375 0.08125 0.0765625
5 0.67109375 0.13125 0.0828125 0.053125
5 0.90546875 0.4203125 0.1546875 0.790625
5 0.87109375 0.29765625 0.0609375 0.296875
5 0.66171875 0.38671875 0.2 0.596875
5 0.46953125 0.4046875 0.1359375 0.55625
5 0.384375 0.3859375 0.121875 0.521875
5 0.26796875 0.43359375 0.1234375 0.565625
5 0.12890625 0.4359375 0.16875 0.75625