5 0.22890625 0.06015625 0.0953125 0.0921875
5 0.3265625 0.14765625 0.05625 0.0578125
5 0.46484375 0.1515625 0.05625 0.05625
5 0.5265625 0.17734375 0.0640625 0.0796875
5 0.9265625 0.27109375 0.0515625 0.0515625
5 0.97734375 0.1734375 0.0453125 0.090625
5 0.73828125 0.1703125 0.0921875 0.0671875
5 0.88046875 0.4984375 0.2390625 0.80625
5 0.903125 0.371875 0.1171875 0.303125
5 0.68046875 0.41953125 0.3109375 0.6234375
5 0.48828125 0.40078125 0.2390625 0.571875
5 0.40859375 0.365625 0.21875 0.5359375
5 0.28515625 0.390625 0.2296875 0.578125
5 0.15078125 0.3765625 0.3015625 0.753125