1 0.0203125 0.36640625 0.040625 0.0890625
1 0.0734375 0.4359375 0.065625 0.0796875
1 0.18671875 0.37109375 0.0515625 0.059375
1 0.34140625 0.375 0.0453125 0.05625
1 0.39609375 0.38671875 0.0390625 0.0484375
1 0.4609375 0.4015625 0.04375 0.0453125
1 0.540625 0.35703125 0.04375 0.0453125
1 0.584375 0.390625 0.053125 0.0734375
1 0.25546875 0.74375 0.09375 0.0953125
6 0.28828125 0.91875 0.1609375 0.1625
1 0.8171875 0.6515625 0.103125 0.14375
1 0.9484375 0.7734375 0.103125 0.2
6 0.7203125 0.85546875 0.103125 0.2890625
6 0.84765625 0.86640625 0.1625 0.2578125