5 0.0328125 0.3609375 0.065625 0.10625
5 0.13125 0.35859375 0.075 0.0828125
5 0.1984375 0.434375 0.059375 0.075
5 0.3171875 0.3796875 0.046875 0.05625
5 0.4703125 0.396875 0.040625 0.053125
5 0.52421875 0.41328125 0.0359375 0.0453125
5 0.5875 0.43359375 0.040625 0.0421875
5 0.6703125 0.39609375 0.040625 0.0421875
5 0.7109375 0.43359375 0.046875 0.0703125
5 0.846875 0.46875 0.06875 0.075
5 0.85859375 0.70703125 0.1484375 0.5859375
5 0.70390625 0.6796875 0.0859375 0.5609375
5 0.66328125 0.6328125 0.0765625 0.521875
5 0.59765625 0.6640625 0.090625 0.51875
5 0.528125 0.60703125 0.0703125 0.465625
5 0.4578125 0.6359375 0.0921875 0.55
5 0.32109375 0.65859375 0.13125 0.6265625
5 0.19609375 0.69140625 0.0859375 0.6171875
5 0.11953125 0.6578125 0.1203125 0.684375
5 0.03671875 0.6484375 0.0734375 0.7