1 0.13671875 0.02265625 0.0546875 0.0453125
1 0.28828125 0.046875 0.0484375 0.0578125
1 0.33984375 0.06796875 0.0421875 0.05
1 0.4 0.0953125 0.0453125 0.046875
1 0.4875 0.06640625 0.0453125 0.046875
1 0.52265625 0.1078125 0.05625 0.0765625
0 0.2703125 0.478125 0.0265625 0.009375
6 0.74921875 0.34765625 0.3828125 0.4203125
1 0.809375 0.05 0.1921875 0.0546875
6 0.2875 0.5875 0.2109375 0.228125
0 0.25 0.9578125 0.059375 0.0359375
0 0.63671875 0.5703125 0.059375 0.0765625
0 0.71015625 0.59140625 0.0703125 0.078125