1 0.12421875 0.1453125 0.0859375 0.084375
1 0.24140625 0.2046875 0.05 0.053125
1 0.37578125 0.17265625 0.0515625 0.0515625
1 0.4421875 0.18125 0.05625 0.075
1 0.85234375 0.16796875 0.046875 0.046875
1 0.89921875 0.0546875 0.0859375 0.0828125
6 0.16796875 0.3484375 0.2734375 0.31875
6 0.25703125 0.3859375 0.0703125 0.11875
6 0.378125 0.31171875 0.0875 0.159375
6 0.46015625 0.31171875 0.103125 0.196875
6 0.65625 0.27890625 0.1140625 0.196875
6 0.8921875 0.309375 0.140625 0.3328125
0 0.90390625 0.73828125 0.08125 0.0515625
0 0.63125 0.6375 0.05625 0.0296875
0 0.69921875 0.63203125 0.034375 0.0265625
0 0.47421875 0.64609375 0.0484375 0.0375
1 0.6453125 0.1203125 0.0859375 0.059375