1 0.01640625 0.4859375 0.0328125 0.096875
1 0.0703125 0.54140625 0.0828125 0.09375
1 0.16484375 0.45078125 0.0640625 0.0703125
1 0.315625 0.4171875 0.0578125 0.065625
1 0.371875 0.41484375 0.05 0.05625
1 0.43828125 0.4140625 0.053125 0.0546875
1 0.5046875 0.3515625 0.053125 0.0546875
1 0.55546875 0.3734375 0.06875 0.084375
1 0.321875 0.7953125 0.1140625 0.115625
6 0.39609375 0.9296875 0.1953125 0.140625
1 0.84453125 0.5703125 0.134375 0.1640625
1 0.96328125 0.65625 0.0734375 0.21875
6 0.8 0.79140625 0.1703125 0.3046875
6 0.9078125 0.77109375 0.184375 0.2890625