1 0.13515625 0.1921875 0.15 0.125
6 0.1328125 0.3625 0.2609375 0.259375
6 0.9203125 0.30859375 0.103125 0.0984375
0 0.85859375 0.36171875 0.0328125 0.03125
0 0.9859375 0.36796875 0.028125 0.0328125
1 0.92421875 0.22578125 0.0578125 0.0328125
1 0.0265625 0.6453125 0.053125 0.090625
1 0.25546875 0.67109375 0.1078125 0.096875
1 0.4296875 0.69609375 0.040625 0.0984375
6 0.05859375 0.83671875 0.1171875 0.3265625
6 0.25390625 0.84765625 0.1890625 0.3046875
6 0.403125 0.86796875 0.09375 0.2640625
6 0.86171875 0.696875 0.2015625 0.19375