6 0.16875 0.3078125 0.071875 0.0578125
6 0.28515625 0.3546875 0.0796875 0.0875
6 0.47109375 0.31328125 0.065625 0.059375
6 0.80625 0.47890625 0.078125 0.0953125
1 0.80390625 0.4109375 0.0328125 0.0328125
1 0.2671875 0.296875 0.0421875 0.040625
0 0.79375 0.6484375 0.0390625 0.040625
0 0.3265625 0.45703125 0.03125 0.05625
0 0.28828125 0.44921875 0.040625 0.0546875
0 0.23125 0.44765625 0.0390625 0.0671875
0 0.18203125 0.41015625 0.034375 0.0546875
0 0.51953125 0.40078125 0.0296875 0.040625
0 0.5 0.4 0.0296875 0.0375