5 0.02890625 0.41796875 0.0578125 0.1140625
5 0.11640625 0.4046875 0.084375 0.090625
5 0.19296875 0.471875 0.06875 0.08125
5 0.30390625 0.403125 0.053125 0.0609375
5 0.4578125 0.4015625 0.046875 0.0578125
5 0.51328125 0.4109375 0.040625 0.05
5 0.57890625 0.4234375 0.0453125 0.046875
5 0.65625 0.37578125 0.0453125 0.046875
5 0.7015625 0.40859375 0.0546875 0.075
5 0.840625 0.4265625 0.078125 0.0828125
5 0.88125 0.66171875 0.21875 0.6
5 0.72421875 0.653125 0.153125 0.5671875
5 0.678125 0.61171875 0.1390625 0.5265625
5 0.6171875 0.65078125 0.153125 0.5265625
5 0.540625 0.603125 0.1265625 0.4703125
5 0.475 0.63984375 0.1578125 0.5578125
5 0.34140625 0.67890625 0.20625 0.6375
5 0.22109375 0.7078125 0.1609375 0.584375
5 0.140625 0.678125 0.203125 0.64375
5 0.06875 0.67578125 0.1375 0.6484375