1 0.08046875 0.0609375 0.0484375 0.0578125
1 0.234375 0.07578125 0.0421875 0.053125
1 0.28828125 0.090625 0.0375 0.0453125
1 0.3515625 0.11015625 0.040625 0.0421875
1 0.434375 0.07109375 0.040625 0.0421875
1 0.475 0.1078125 0.0484375 0.071875
0 0.26953125 0.50625 0.0265625 0.00625
6 0.72890625 0.31875 0.3390625 0.38125
1 0.75234375 0.015625 0.1890625 0.03125
6 0.3 0.6125 0.1875 0.20625
0 0.3078125 0.98515625 0.05625 0.0296875
0 0.64453125 0.553125 0.0515625 0.0703125
0 0.71953125 0.56484375 0.0625 0.0703125