1 0.14296875 0.13515625 0.08125 0.0890625
1 0.6859375 0.16171875 0.0609375 0.0671875
1 0.796875 0.17578125 0.0640625 0.065625
1 0.83203125 0.47734375 0.0609375 0.0703125
6 0.10703125 0.390625 0.1921875 0.340625
6 0.6421875 0.38203125 0.146875 0.271875
6 0.778125 0.38125 0.146875 0.265625
6 0.83515625 0.67578125 0.15 0.240625
0 0.14453125 0.93828125 0.084375 0.053125
0 0.71328125 0.846875 0.065625 0.05
0 0.74609375 0.89921875 0.071875 0.05625
0 0.83359375 0.896875 0.0421875 0.071875
0 0.6171875 0.825 0.090625 0.084375
0 0.03125 0.91875 0.0625 0.059375