1 0.11953125 0.21171875 0.15625 0.1328125
6 0.13125 0.38203125 0.2625 0.2734375
6 0.909375 0.28671875 0.1078125 0.103125
0 0.85078125 0.34296875 0.034375 0.0328125
0 0.978125 0.34296875 0.0296875 0.034375
1 0.909375 0.20390625 0.059375 0.0359375
1 0.03515625 0.66953125 0.0578125 0.09375
1 0.26484375 0.68359375 0.1125 0.103125
1 0.43984375 0.69921875 0.0453125 0.1
6 0.0765625 0.84609375 0.134375 0.3078125
6 0.27265625 0.8515625 0.2046875 0.296875
6 0.42265625 0.86875 0.1078125 0.2625
6 0.871875 0.67734375 0.2109375 0.2046875