1 0.30390625 0.15390625 0.0421875 0.0453125
1 0.6625 0.1796875 0.0453125 0.0546875
1 0.45859375 0.20859375 0.0390625 0.05
3 0.29765625 0.2828125 0.10625 0.134375
3 0.47109375 0.37734375 0.1234375 0.11875
1 0.6703125 0.2015625 0.078125 0.11875
1 0.465625 0.22734375 0.05625 0.0921875
1 0.30703125 0.17890625 0.0859375 0.11875
0 0.62578125 0.60859375 0.0765625 0.1171875
0 0.69140625 0.60625 0.0734375 0.128125
4 0.68046875 0.35625 0.15 0.234375
4 0.47890625 0.53125 0.1375 0.24375
4 0.3203125 0.4484375 0.1609375 0.259375