1 0.31640625 0.14765625 0.040625 0.04375
1 0.6734375 0.1859375 0.04375 0.053125
1 0.46875 0.20703125 0.0375 0.0484375
3 0.30546875 0.27578125 0.1015625 0.13125
3 0.475 0.3765625 0.11953125 0.11484375
1 0.68046875 0.2078125 0.07421875 0.11640625
1 0.475 0.2265625 0.05234375 0.090625
1 0.31796875 0.17265625 0.08125 0.11640625
0 0.621875 0.61328125 0.07265625 0.1140625
0 0.6875 0.6125 0.06875 0.12578125
4 0.68515625 0.3625 0.1421875 0.22890625
4 0.478125 0.53046875 0.12890625 0.2390625
4 0.321875 0.4421875 0.1515625 0.2546875