6 0.1671875 0.2828125 0.228125 0.565625
1 0.89453125 0.05078125 0.0515625 0.040625
6 0.4359375 0.090625 0.14375 0.18125
6 0.81484375 0.11796875 0.0796875 0.1890625
6 0.6703125 0.10234375 0.0953125 0.184375
6 0.74375 0.1328125 0.134375 0.2359375
6 0.86484375 0.1578125 0.121875 0.2484375
6 0.58125 0.13515625 0.1390625 0.26875
6 0.96484375 0.33203125 0.0703125 0.2828125
0 0.89296875 0.515625 0.0625 0.0859375
0 0.42890625 0.43515625 0.1015625 0.1203125
0 0.3421875 0.4921875 0.0875 0.1078125
0 0.86953125 0.48515625 0.06875 0.06875
0 0.8296875 0.44296875 0.0640625 0.08125
0 0.4953125 0.446875 0.0609375 0.084375
6 0.13203125 0.65625 0.2015625 0.2125
1 0.8234375 0.67109375 0.1953125 0.121875