6 0.14921875 0.30703125 0.1796875 0.5640625
1 0.85390625 0.01796875 0.0484375 0.0359375
6 0.4 0.09140625 0.128125 0.1828125
6 0.78046875 0.0921875 0.0640625 0.184375
6 0.63515625 0.0890625 0.0796875 0.178125
6 0.7109375 0.11328125 0.115625 0.2265625
6 0.83359375 0.12734375 0.1015625 0.240625
6 0.54921875 0.1296875 0.1171875 0.259375
6 0.9625 0.29140625 0.075 0.2765625
0 0.89296875 0.48125 0.05625 0.08125
0 0.4234375 0.44140625 0.0921875 0.1125
0 0.3421875 0.50625 0.0796875 0.1015625
0 0.8671875 0.453125 0.0640625 0.0640625
0 0.8234375 0.4140625 0.0578125 0.0765625
0 0.490625 0.44765625 0.0546875 0.0796875
6 0.146875 0.6875 0.184375 0.196875
1 0.8375 0.6421875 0.1875 0.10625