6 0.20546875 0.08359375 0.1515625 0.14375
0 0.22109375 0.2703125 0.0703125 0.08125
0 0.25078125 0.2453125 0.0578125 0.0671875
1 0.1734375 0.00703125 0.090625 0.0140625
6 0.7140625 0.30625 0.44375 0.50625
1 0.590625 0.66484375 0.09375 0.0515625
1 0.82578125 0.66015625 0.0453125 0.0421875
1 0.46640625 0.765625 0.0578125 0.0765625
1 0.57421875 0.759375 0.0296875 0.0421875
1 0.71640625 0.75078125 0.0359375 0.046875
6 0.85546875 0.7953125 0.1125 0.20625
6 0.5046875 0.90078125 0.125 0.1984375
6 0.74296875 0.87421875 0.090625 0.165625
6 0.64140625 0.878125 0.2234375 0.24375