6 0.2953125 0.24921875 0.25 0.2328125
0 0.22890625 0.5203125 0.1125 0.0921875
0 0.27421875 0.4984375 0.0796875 0.1046875
1 0.3125 0.07890625 0.1453125 0.0921875
6 0.79921875 0.37890625 0.2484375 0.353125
1 0.834375 0.0984375 0.109375 0.1
1 0.39140625 0.61171875 0.059375 0.0515625
1 0.23359375 0.59140625 0.0609375 0.0703125
1 0.4484375 0.63125 0.05 0.065625
1 0.3140625 0.61484375 0.04375 0.059375
1 0.51015625 0.6734375 0.05 0.096875
6 0.07109375 0.68671875 0.1421875 0.3078125
6 0.434375 0.76796875 0.0890625 0.1953125
6 0.290625 0.75 0.1046875 0.203125
6 0.36484375 0.7703125 0.15 0.271875
6 0.4703125 0.8078125 0.103125 0.24375
6 0.20234375 0.7859375 0.1515625 0.28125