6 0.4578125 0.159375 0.121875 0.19375
0 0.3796875 0.37109375 0.06875 0.0890625
0 0.48515625 0.390625 0.0671875 0.05625
1 0.4953125 0.03359375 0.046875 0.0671875
6 0.59296875 0.084375 0.1484375 0.16875
0 0.55234375 0.35859375 0.0671875 0.1203125
0 0.5703125 0.34609375 0.103125 0.1328125
0 0.2953125 0.45390625 0.0296875 0.05625
0 0.26171875 0.4390625 0.0390625 0.040625
0 0.20859375 0.43203125 0.0359375 0.0265625
0 0.49609375 0.46640625 0.0296875 0.040625
0 0.478125 0.45859375 0.028125 0.0375
6 0.61015625 0.5296875 0.1828125 0.221875
0 0.5359375 0.93203125 0.034375 0.1140625
0 0.57265625 0.94296875 0.0828125 0.1140625