6 0.3609375 0.05234375 0.05625 0.1046875
0 0.37734375 0.21171875 0.0234375 0.0765625
0 0.35390625 0.21640625 0.0546875 0.071875
6 0.84140625 0.35234375 0.3171875 0.2328125
1 0.87109375 0.03203125 0.1703125 0.0640625
6 0.01875 0.721875 0.0375 0.140625
1 0.01484375 0.6 0.0296875 0.075
6 0.0578125 0.784375 0.0515625 0.11875
6 0.13046875 0.78203125 0.071875 0.1453125
6 0.20859375 0.82890625 0.0609375 0.134375
6 0.35703125 0.8 0.0640625 0.11875
6 0.7390625 0.590625 0.19375 0.24375
1 0.7265625 0.72265625 0.115625 0.13125
0 0.70859375 0.98828125 0.0546875 0.0234375