6 0.4875 0.24609375 0.115625 0.1953125
0 0.440625 0.5 0.0734375 0.1078125
1 0.5296875 0.0953125 0.071875 0.0671875
6 0.79609375 0.06953125 0.1390625 0.0578125
0 0.75859375 0.1953125 0.075 0.0859375
0 0.81328125 0.2 0.0734375 0.0765625
1 0.16953125 0.66640625 0.0703125 0.0984375
1 0.0203125 0.65859375 0.040625 0.0828125
1 0.21953125 0.709375 0.053125 0.071875
1 0.0859375 0.68984375 0.046875 0.059375
1 0.2859375 0.75625 0.0640625 0.1
6 0.20078125 0.846875 0.09375 0.196875
6 0.059375 0.81796875 0.1078125 0.19375
6 0.13671875 0.82265625 0.146875 0.225
6 0.25625 0.8640625 0.128125 0.196875
6 0.02421875 0.80703125 0.0484375 0.1859375
6 0.5890625 0.82265625 0.1703125 0.16875
0 0.52578125 0.98203125 0.0734375 0.0359375
0 0.625 0.99375 0.071875 0.0125
1 0.6046875 0.70625 0.10625 0.06875
0 0.58203125 0.825 0.3515625 0.35