6 0.43046875 0.25546875 0.0765625 0.1828125
0 0.4421875 0.51328125 0.053125 0.0984375
1 0.43828125 0.09921875 0.0609375 0.0546875
6 0.69140625 0.0140625 0.1359375 0.028125
0 0.68359375 0.14453125 0.059375 0.075
0 0.7375 0.1375 0.0609375 0.0640625
1 0.215625 0.73671875 0.0515625 0.0890625
1 0.05703125 0.76484375 0.05 0.0734375
1 0.27421875 0.7671875 0.0390625 0.0640625
1 0.1390625 0.778125 0.0359375 0.053125
1 0.34921875 0.79765625 0.04375 0.0921875
6 0.28671875 0.90546875 0.053125 0.1890625
6 0.1421875 0.90859375 0.06875 0.1828125
6 0.21875 0.89609375 0.103125 0.2078125
6 0.34453125 0.909375 0.0890625 0.18125
6 0.0625 0.91640625 0.103125 0.1671875
6 0.659375 0.79453125 0.1421875 0.140625
0 0.63671875 0.97578125 0.0640625 0.0484375
0 0.7390625 0.9765625 0.0625 0.046875
1 0.6484375 0.67734375 0.0984375 0.0484375
0 0.66015625 0.825 0.2796875 0.35