6 0.32890625 0.13125 0.2984375 0.2625
1 0.67578125 0.12421875 0.06875 0.0453125
6 0.65390625 0.215625 0.1109375 0.1328125
0 0.60234375 0.40234375 0.0734375 0.0375
0 0.6671875 0.40390625 0.0640625 0.0390625
1 0.28984375 0.3625 0.10625 0.0484375
6 0.26875 0.5453125 0.215625 0.2640625
6 0.83671875 0.7421875 0.3265625 0.515625
6 0.36484375 0.8234375 0.2 0.33125
6 0.32421875 0.8390625 0.128125 0.26875
6 0.65234375 0.77265625 0.4515625 0.4546875
6 0.42578125 0.82421875 0.2578125 0.3515625
6 0.5171875 0.8421875 0.25 0.315625