6 0.875 0.0546875 0.19375 0.109375
0 0.73984375 0.29453125 0.0671875 0.0296875
6 0.07890625 0.50546875 0.1578125 0.2828125
6 0.18828125 0.51796875 0.153125 0.3125
6 0.3 0.46484375 0.059375 0.2859375
1 0.11796875 0.33046875 0.0953125 0.0421875
1 0.2375 0.32734375 0.08125 0.0359375
0 0.03984375 0.95859375 0.0796875 0.0828125
0 0.0875 0.9625 0.084375 0.075
0 0.17265625 0.95390625 0.090625 0.0671875
0 0.284375 0.98203125 0.090625 0.0359375
6 0.49609375 0.42578125 0.1640625 0.1578125
0 0.4890625 0.63359375 0.0828125 0.0859375
0 0.39140625 0.62265625 0.06875 0.0828125
1 0.51015625 0.3171875 0.0953125 0.015625