6 0.396875 0.29921875 0.2515625 0.25
1 0.459375 0.121875 0.146875 0.0890625
6 0.78515625 0.28984375 0.340625 0.315625
1 0.8453125 0.08515625 0.165625 0.071875
1 0.078125 0.5203125 0.0984375 0.1
1 0.2859375 0.6328125 0.0484375 0.065625
1 0.0125 0.615625 0.025 0.04375
1 0.14140625 0.6734375 0.0390625 0.05
6 0.2453125 0.7765625 0.121875 0.2109375
6 0.10859375 0.79453125 0.0984375 0.16875
6 0.0484375 0.76328125 0.096875 0.2859375
6 0.49921875 0.72265625 0.2171875 0.2859375
1 0.54453125 0.48984375 0.10625 0.0796875