6 0.25625 0.15078125 0.265625 0.2921875
0 0.175 0.51328125 0.11875 0.1703125
0 0.3328125 0.5265625 0.1125 0.165625
1 0.1984375 0.31953125 0.38125 0.6390625
1 0.85625 0.04921875 0.2875 0.0984375
6 0.19453125 0.81953125 0.3890625 0.3609375
6 0.54765625 0.69453125 0.2078125 0.1109375
6 0.73984375 0.70546875 0.1953125 0.1328125
0 0.49609375 0.896875 0.1109375 0.10625
0 0.53515625 0.94609375 0.1046875 0.10625
0 0.65703125 0.953125 0.0984375 0.084375
0 0.6953125 0.97265625 0.109375 0.0546875
0 0.85625 0.97734375 0.13125 0.0453125