6 0.2453125 0.1578125 0.246875 0.259375
1 0.58671875 0.09453125 0.0625 0.0328125
6 0.5859375 0.18828125 0.0875 0.115625
0 0.578125 0.38203125 0.0703125 0.021875
0 0.64140625 0.36875 0.059375 0.0265625
1 0.2640625 0.41328125 0.103125 0.0265625
6 0.28515625 0.59609375 0.1671875 0.2328125
6 0.896875 0.70859375 0.20625 0.5828125
6 0.440625 0.8453125 0.134375 0.309375
6 0.4046875 0.8703125 0.071875 0.259375
6 0.71875 0.76875 0.35625 0.4625
6 0.50234375 0.83671875 0.1890625 0.3265625
6 0.596875 0.84375 0.184375 0.3125