0 0.08046875 0.1796875 0.0921875 0.109375
0 0.1921875 0.153125 0.103125 0.1203125
6 0.83984375 0.31484375 0.3203125 0.3078125
1 0.7703125 0.034375 0.209375 0.06875
6 0.1390625 0.525 0.278125 0.1125
0 0.26171875 0.73828125 0.10625 0.1421875
0 0.125 0.7734375 0.1140625 0.1359375
1 0.56953125 0.55 0.0203125 0.10625
1 0.69140625 0.58828125 0.075 0.1109375
1 0.8234375 0.571875 0.078125 0.0984375
6 0.61953125 0.74296875 0.1203125 0.2953125
6 0.94140625 0.6765625 0.1171875 0.3625
6 0.740625 0.7390625 0.1515625 0.2546875
6 0.659375 0.76640625 0.075 0.1640625
6 0.93984375 0.74296875 0.0546875 0.1234375
6 0.8265625 0.78359375 0.0515625 0.14375
6 0.80390625 0.79609375 0.0546875 0.1109375
6 0.91015625 0.77890625 0.0890625 0.1703125
6 0.71015625 0.8296875 0.0390625 0.0875
6 0.86953125 0.79140625 0.1703125 0.2984375