6 0.2734375 0.19921875 0.1390625 0.1265625
0 0.27890625 0.34375 0.0609375 0.0671875
0 0.2359375 0.3484375 0.0671875 0.078125
1 0.2734375 0.1109375 0.0703125 0.0484375
1 0.41953125 0.32265625 0.065625 0.096875
1 0.47109375 0.3984375 0.0796875 0.090625
1 0.590625 0.3453125 0.0609375 0.0671875
1 0.74296875 0.365625 0.0546875 0.0640625
1 0.796875 0.38203125 0.046875 0.0546875
1 0.86015625 0.40390625 0.0515625 0.053125
1 0.94296875 0.3671875 0.0515625 0.053125
1 0.97578125 0.40625 0.0484375 0.08125
6 0.1828125 0.81484375 0.315625 0.3234375
1 0.2328125 0.59296875 0.24375 0.071875
0 0.72265625 0.96796875 0.1140625 0.0640625
0 0.79609375 0.953125 0.090625 0.0734375