6 0.10078125 0.0546875 0.1640625 0.0578125
0 0.1 0.21328125 0.0703125 0.0921875
0 0.14375 0.1890625 0.0515625 0.0765625
6 0.821875 0.20078125 0.3375 0.4015625
6 0.3203125 0.19140625 0.159375 0.3625
6 0.27421875 0.18984375 0.13125 0.340625
6 0.596875 0.21171875 0.39375 0.4234375
6 0.3828125 0.21875 0.2359375 0.434375
6 0.4765625 0.21328125 0.215625 0.4265625
6 0.1875 0.68828125 0.14375 0.3609375
6 0.60390625 0.5421875 0.290625 0.2859375
0 0.4890625 0.88046875 0.2484375 0.1625
0 0.72734375 0.875 0.20625 0.153125