6 0.07734375 0.23515625 0.1546875 0.2671875
0 0.17265625 0.5046875 0.125 0.0859375
0 0.0421875 0.5203125 0.084375 0.10625
6 0.62578125 0.24609375 0.6765625 0.4921875
6 0.13671875 0.7 0.2640625 0.3359375
0 0.159375 0.9859375 0.13125 0.028125
6 0.5546875 0.83125 0.2203125 0.3109375
6 0.6625 0.79609375 0.2140625 0.3375
6 0.7890625 0.68046875 0.2171875 0.3125
1 0.509375 0.6234375 0.115625 0.125
1 0.621875 0.5796875 0.096875 0.1
1 0.6921875 0.50546875 0.09375 0.109375
1 0.7640625 0.48984375 0.09375 0.09375