6 0.82578125 0.04140625 0.2046875 0.0828125
0 0.7171875 0.2703125 0.0703125 0.0359375
6 0.0875 0.54921875 0.175 0.2984375
6 0.1921875 0.55078125 0.184375 0.3265625
6 0.29765625 0.4859375 0.0890625 0.290625
1 0.10234375 0.37109375 0.0984375 0.0515625
1 0.22109375 0.35546875 0.084375 0.04375
0 0.090625 0.97890625 0.0875 0.0421875
0 0.13828125 0.98046875 0.0921875 0.0390625
0 0.221875 0.9734375 0.096875 0.053125
0 0.3359375 0.9890625 0.09375 0.021875
6 0.48828125 0.4265625 0.1796875 0.1734375
0 0.503125 0.634375 0.090625 0.09375
0 0.4046875 0.63359375 0.0765625 0.0890625
1 0.490625 0.3171875 0.096875 0.025