0 0.11015625 0.14453125 0.1015625 0.1171875
0 0.2234375 0.12734375 0.1125 0.128125
6 0.840625 0.3453125 0.31875 0.334375
1 0.81015625 0.059375 0.2140625 0.0875
6 0.140625 0.49296875 0.28125 0.1359375
0 0.2421875 0.71640625 0.11875 0.1515625
0 0.10234375 0.73984375 0.125 0.1453125
1 0.56484375 0.55625 0.0296875 0.1078125
1 0.6828125 0.6046875 0.084375 0.1171875
1 0.815625 0.6 0.0859375 0.1046875
6 0.59765625 0.75234375 0.1453125 0.3046875
6 0.92421875 0.7140625 0.1484375 0.371875
6 0.71875 0.759375 0.1734375 0.2671875
6 0.6359375 0.77890625 0.0890625 0.1703125
6 0.9171875 0.78046875 0.065625 0.128125
6 0.80078125 0.8109375 0.0640625 0.1484375
6 0.7765625 0.82109375 0.0640625 0.115625
6 0.884375 0.81328125 0.103125 0.178125
6 0.68046875 0.846875 0.046875 0.090625
6 0.84296875 0.82265625 0.1953125 0.3125