6 0.2515625 0.29296875 0.2171875 0.1953125
0 0.2375 0.571875 0.1 0.075
0 0.278125 0.54140625 0.0625 0.09375
1 0.2359375 0.12265625 0.134375 0.0671875
6 0.7703125 0.32421875 0.190625 0.3234375
1 0.7515625 0.0421875 0.0953125 0.0828125
1 0.41484375 0.63046875 0.0515625 0.0421875
1 0.25625 0.640625 0.05 0.0625
1 0.47421875 0.6390625 0.0390625 0.059375
1 0.3390625 0.6484375 0.034375 0.053125
1 0.54296875 0.66796875 0.0328125 0.0921875
6 0.10390625 0.76796875 0.1125 0.2921875
6 0.48671875 0.77578125 0.0546875 0.1890625
6 0.3421875 0.78515625 0.06875 0.19375
6 0.41875 0.79140625 0.103125 0.25625
6 0.5296875 0.8078125 0.059375 0.2375
6 0.2625 0.8375 0.103125 0.2671875