6 0.35390625 0.32734375 0.2109375 0.2078125
1 0.375 0.140625 0.1375 0.059375
6 0.73046875 0.23125 0.290625 0.25625
1 0.74296875 0.01796875 0.1609375 0.0359375
1 0.09375 0.61484375 0.08125 0.084375
1 0.32109375 0.67734375 0.0359375 0.059375
1 0.04921875 0.7234375 0.0234375 0.0390625
1 0.18984375 0.74921875 0.0296875 0.04375
6 0.3140625 0.8265625 0.0796875 0.1984375
6 0.18515625 0.875 0.0640625 0.1578125
6 0.07109375 0.86953125 0.1421875 0.2609375
6 0.54921875 0.7171875 0.1640625 0.25625
1 0.54140625 0.4796875 0.0953125 0.059375