6 0.1671875 0.17734375 0.328125 0.3546875
6 0.63671875 0.11015625 0.2296875 0.2203125
6 0.3390625 0.55625 0.121875 0.175
0 0.38671875 0.8375 0.0265625 0.140625
1 0.76171875 0.49453125 0.0984375 0.0515625
1 0.453125 0.53359375 0.0765625 0.096875
6 0.61328125 0.646875 0.1984375 0.35625
6 0.41796875 0.69765625 0.0359375 0.2546875
6 0.5640625 0.70859375 0.0515625 0.1234375
6 0.44921875 0.7453125 0.046875 0.14375
6 0.42578125 0.7578125 0.0515625 0.109375
6 0.675 0.7078125 0.090625 0.2125
6 0.5328125 0.74375 0.084375 0.1703125
6 0.4921875 0.7546875 0.1609375 0.296875
6 0.821875 0.7765625 0.253125 0.446875
6 0.73046875 0.875 0.1078125 0.25
6 0.9203125 0.90078125 0.109375 0.1984375