6 0.09921875 0.14375 0.1984375 0.23125
0 0.17890625 0.43671875 0.1140625 0.0640625
0 0.04140625 0.4234375 0.0828125 0.090625
6 0.68515625 0.234375 0.5921875 0.46875
6 0.103125 0.6203125 0.20625 0.3
0 0.10625 0.97109375 0.1875 0.0578125
0 0.05625 0.95 0.1125 0.1
6 0.484375 0.83515625 0.165625 0.2828125
6 0.59765625 0.8234375 0.153125 0.3125
6 0.7453125 0.73671875 0.1609375 0.2859375
1 0.48359375 0.62265625 0.0953125 0.1078125
1 0.60234375 0.603125 0.08125 0.084375
1 0.68671875 0.5453125 0.075 0.0953125
1 0.76015625 0.54453125 0.0796875 0.0796875