6 0.14375 0.13515625 0.171875 0.165625
0 0.18828125 0.31640625 0.0828125 0.090625
0 0.2140625 0.2875 0.0671875 0.075
1 0.1 0.0640625 0.0921875 0.028125
6 0.68046875 0.2796875 0.5171875 0.559375
1 0.615625 0.6484375 0.1 0.065625
1 0.846875 0.60703125 0.0515625 0.0484375
1 0.50859375 0.76796875 0.06875 0.084375
1 0.6140625 0.74453125 0.0359375 0.046875
1 0.753125 0.7140625 0.0421875 0.0515625
6 0.89765625 0.7359375 0.14375 0.221875
6 0.56640625 0.89375 0.1546875 0.2125
6 0.7984375 0.83125 0.115625 0.178125
6 0.6984375 0.8515625 0.259375 0.275