6 0.4515625 0.16015625 0.125 0.1953125
0 0.37734375 0.3734375 0.0703125 0.090625
0 0.48359375 0.390625 0.06875 0.0578125
1 0.48671875 0.03359375 0.0484375 0.0671875
6 0.58515625 0.084375 0.1515625 0.16875
0 0.55 0.3578125 0.06875 0.121875
0 0.56796875 0.34453125 0.1046875 0.134375
0 0.29453125 0.4578125 0.03125 0.05625
0 0.2609375 0.44296875 0.0390625 0.040625
0 0.2078125 0.4375 0.0359375 0.0265625
0 0.4953125 0.46640625 0.0296875 0.040625
0 0.47734375 0.45859375 0.028125 0.0375
6 0.6109375 0.528125 0.1859375 0.225
0 0.54375 0.93125 0.0359375 0.1140625
0 0.58046875 0.94140625 0.084375 0.115625