6 0.16328125 0.1890625 0.3265625 0.365625
6 0.621875 0.109375 0.2375 0.21875
6 0.34140625 0.56171875 0.128125 0.1796875
0 0.3984375 0.84140625 0.03125 0.1421875
1 0.76171875 0.48515625 0.1 0.0546875
1 0.4546875 0.53515625 0.0796875 0.1
6 0.61796875 0.64296875 0.2109375 0.3625
6 0.425 0.70078125 0.0453125 0.25625
6 0.57109375 0.70625 0.05625 0.125
6 0.4578125 0.746875 0.0515625 0.1453125
6 0.43515625 0.76015625 0.0546875 0.1109375
6 0.68203125 0.7015625 0.0984375 0.215625
6 0.54140625 0.7421875 0.090625 0.1734375
6 0.50078125 0.7546875 0.171875 0.3015625
6 0.83125 0.76484375 0.26875 0.4546875
6 0.74375 0.86640625 0.1171875 0.253125
6 0.934375 0.8859375 0.115625 0.2015625