6 0.14140625 0.021875 0.1609375 0.04375
0 0.1265625 0.1796875 0.0625 0.0875
0 0.171875 0.159375 0.0453125 0.0734375
6 0.84921875 0.209375 0.3015625 0.41875
6 0.34765625 0.1765625 0.1296875 0.353125
6 0.30234375 0.17109375 0.103125 0.3328125
6 0.6234375 0.209375 0.359375 0.41875
6 0.4078125 0.209375 0.2 0.41875
6 0.50234375 0.209375 0.1796875 0.41875
6 0.17265625 0.66015625 0.1140625 0.3515625
6 0.6 0.55078125 0.26875 0.2640625
0 0.45625 0.878125 0.2375 0.1421875
0 0.69375 0.89375 0.1953125 0.1359375