6 0.23359375 0.23359375 0.125 0.1109375
0 0.259375 0.37578125 0.053125 0.0609375
0 0.2171875 0.38671875 0.0578125 0.0703125
1 0.22109375 0.14609375 0.065625 0.0390625
1 0.3953125 0.3359375 0.053125 0.090625
1 0.45703125 0.403125 0.06875 0.08125
1 0.56796875 0.334375 0.053125 0.0609375
1 0.721875 0.3328125 0.046875 0.0578125
1 0.77734375 0.3421875 0.040625 0.05
1 0.84296875 0.3546875 0.0453125 0.046875
1 0.9203125 0.30703125 0.0453125 0.046875
1 0.965625 0.33984375 0.0546875 0.075
6 0.2296875 0.85625 0.278125 0.2875
1 0.2484375 0.62890625 0.240625 0.0390625
0 0.7890625 0.95078125 0.103125 0.0859375
0 0.85625 0.9078125 0.0828125 0.0625